Run1  Run2	  SER     SER_err   width   eff. tau
9438  9474        38.16   0.08      12.50  1188.     
9476  9493        37.74   0.08      12.40  1177.
9494  9514        37.71   0.08      12.10  1182.
9515  9553        37.16   0.08      12.20  1177.
9554  9631        37.07   0.08      12.00  1175.
9635  9656        36.81   0.05      12.10   1187. 
9661  9668        36.50   0.06      12.00   1193.
9669  9673        36.65   0.05      12.00   1182. 
9678  9678        36.65   0.05      12.00   1182.
9679  9692        36.67   0.05      11.90   1177. 
9693  9701        36.63   0.07      12.10   1172. 
9762  9795        45.90   0.09      15.30  1162.
9796  9817        45.50   0.08      15.30  1174.
9819  9821        45.20   0.21      15.70  1171.
9895  9918        45.10   0.18      15.10  1118.
9919  9938        44.80   0.09      15.00  1104.
9939  9961        44.20   0.09      15.10  1063.
9962  9980        44.00   0.10      15.10  1058.
11314 11577       51.9    0.10      17.25   0
13421 13595       50.12   0.05      17.10   0

