 2 0.928676
 3 1.041359
 4 1.001984
 5 0.904757
 6 0.911307
 7 0.914064
 8 0.888263
 9 0.902594
 10 0.915172
 11 0.904757
 12 0.891408
 13 0.946720
 14 0.957522
 15 0.923565
 17 0.912408
 18 0.923001
 19 0.944352
 20 0.926966
 21 0.945534
 22 0.996038
 23 0.988218
 24 0.940823
 25 0.945534
 26 1.065602
 27 1.054444
 28 1.058137
 29 1.061111
 30 0.964246
 31 0.936739
 32 0.931539
 33 0.952090
 34 0.952691
 35 0.971689
 36 0.959956
 37 1.083178
 38 1.094162
 39 0.959347
 40 0.950892
 41 0.975454
 42 0.945534
 43 0.938485
 44 0.939652
 45 1.023021
 46 0.990811
 47 0.999994
 48 1.030700
 49 0.987572
 50 0.974825
 51 0.957522
 52 0.943173
 53 0.924696
 54 1.023021
 55 1.030700
 56 0.964862
 57 0.929819
 58 1.010700
 59 0.959956
 60 0.934421
 61 0.953292
 62 0.915172
 63 0.939068
 64 0.917953
 65 0.938485
 66 0.944352
 67 0.960567
 68 0.903674
 69 0.927535
 70 0.904215
 71 0.936739
 72 0.987572
 73 0.972315
 74 0.919629
 75 0.916282
 76 0.899905
 77 0.923001
 79 0.906930
 80 1.058879
 81 1.053709
 82 1.078537
 83 1.080080
 84 0.940823
 85 0.954497
 86 0.940237
 87 0.922437
 88 0.917395
 89 0.959956
 90 1.005988
 91 0.951491
 93 1.088642
 94 1.099739
 95 1.111064
 96 1.074700
 97 1.055918
 99 0.996038
 100 0.990161
 101 1.058879
 102 1.110247
 103 1.133577
 104 1.142148
 105 1.126812
 106 1.046409
 107 1.042077
 108 1.102146
 109 1.152607
 110 1.157021
 111 1.153487
 112 1.134428
 114 1.111064
 115 1.064851
 116 1.054444
 117 1.097342
 118 1.150850
 119 1.163259
 120 1.175937
 121 1.129339
 122 1.054444
 123 1.055181
 124 1.164155
 125 1.184235
 126 1.186094
 127 1.184235
 128 1.055181
 129 1.144745
 130 1.124296
 131 1.085513
 132 1.096545
 133 1.040642
 134 1.058137
 135 1.073173
 136 1.023021
 137 1.045684
 138 1.076232
 139 1.012733
 140 1.007330
 141 1.039210
 142 1.012733
 143 0.958130
 144 1.072411
 145 1.014093
 146 1.011377
 147 1.005988
 148 1.001320
 149 1.027895
 150 1.010700
 151 0.994071
 152 0.974825
 153 1.012733
 154 0.983073
 155 0.970441
 156 0.956310
 157 1.044239
 158 1.039210
 159 1.056657
 160 0.969196
 161 0.990811
 162 0.980520
 163 1.007330
 164 1.016139
 165 0.978614
 166 0.977981
 167 0.983713
 168 0.952691
 169 0.987572
 170 0.984996
 171 1.003982
 172 1.016139
 173 0.992112
 174 0.976716
 175 0.996695
 176 0.987572
 177 0.959956
 178 0.963631
 179 1.008675
 180 1.005319
 181 0.968574
 182 0.969196
 183 0.989513
 184 0.946127
 185 0.978614
 186 0.933266
 187 0.927535
 188 0.954497
 189 1.012733
 190 0.970441
 191 0.958130
 192 1.091001
 193 1.039210
 194 1.061111
 195 1.077768
 196 0.947313
 197 0.967333
 198 1.061857
 199 1.111882
 200 1.059622
 201 1.069374
 202 0.990811
 203 0.932114
 204 0.975454
 205 0.966714
 206 1.005988
 207 1.012054
 208 0.983713
 209 1.014774
 210 1.008675
 211 1.067862
 212 1.094956
 214 1.016139
 215 0.983073
 216 0.947313
 217 1.016139
 218 1.107804
 219 1.125133
 220 1.133577
 221 1.131878
 222 1.118468
 223 1.070132
 224 1.003982
 225 0.950892
 226 0.955100
 227 0.964246
 228 0.981795
 229 0.919070
 230 0.949099
 231 0.952691
 232 0.870349
 233 0.862891
 234 0.920190
 244 1.122114
 245 1.045148
 246 1.044390
 247 1.047810
 248 1.096063
 249 1.105318
 250 1.122551
 251 1.065645
 252 1.089017
 253 1.115594
 254 1.108722
 255 1.096898
 256 1.091080
 257 1.093566
 258 1.143500
 259 1.113437
 260 1.117325
 261 1.070796
 262 1.146231
 263 1.100250
 264 0.987791
 265 1.001880
 266 1.013873
 267 0.991532
 268 0.937012
 269 0.979726
 270 1.006784
 271 0.976736
 272 0.940070
 273 0.979726
 274 0.946870
 275 0.936098
 276 0.951563
 277 1.003976
 279 0.905488
 280 0.942840
 281 0.964308
 282 0.963662
 283 0.971792
 284 0.959489
 285 0.910354
 286 0.911795
 287 0.938538
 288 0.941607
 289 0.942532
 290 0.910066
 291 0.944386
 292 0.910354
 293 0.893687
 294 0.900111
 295 0.969502
 296 0.904351
 297 0.908631
 298 0.914982
 299 0.937012
 300 0.906914
 301 0.940070
 302 0.954085
 303 0.906058
 304 0.887080
 305 0.967873
 306 0.944076
 307 0.887900
 308 0.877619
 309 0.932159
 310 0.957574
 311 0.928253
 312 0.955034
 313 0.922603
 314 0.887627
 315 0.909492
 316 0.871510
 317 0.923787
 318 0.927954
 319 0.916146
 320 0.935794
 321 0.981396
 322 0.896748
 323 0.920833
 324 1.069206
 325 0.879226
 326 0.957893
 327 0.995302
 328 0.907200
 329 0.962053
 330 1.041745
 331 1.042877
 332 1.065645
 333 1.078414
 334 1.058594
 335 1.094397
 336 0.963018
 337 1.014945
 338 0.954401
 339 0.981730
 340 0.978063
 341 0.993242
 342 0.989488
 343 1.071194
 344 0.986438
 345 1.154965
 346 1.130927
 347 1.149433
 348 1.131371
 349 1.153115
 350 1.112147
 351 1.053560
 352 1.152654
 353 1.197715
 354 1.196222
 355 1.169030
 356 1.167135
 357 1.035006
 358 1.060543
 359 1.126063
 360 1.017095
 361 1.057428
 362 1.086962
 363 1.124304
 364 1.099830
 365 1.098571
 366 1.140331
 367 1.111718
 368 0.998407
 369 1.002927
 370 1.053945
 371 1.085323
 372 0.991191
 373 0.902367
 374 0.992900
 375 0.944696
 376 1.047810
 377 0.938538
 378 1.012447
 379 1.005378
 380 0.988469
 381 0.963018
 382 0.941607
 383 0.944076
 384 0.939763
 385 0.937012
 386 0.940992
 387 1.009961
 388 0.975412
 389 0.930052
 390 0.964954
 391 1.052020
 392 0.931255
 393 1.022149
 394 1.059373
 395 1.082875
 396 1.089841
 397 1.065251
 398 1.052020
 399 1.058205
 400 1.026521
 401 0.953453
 402 0.975743
 403 0.985088
 404 0.934276
 405 0.977399
 406 0.932763
 407 0.935186
 408 0.915564
 409 0.956620
 410 0.943458
 411 1.005378
 412 0.908918
 413 0.955034
 414 0.972777
 415 0.923194
 416 1.040992
 417 1.045907
 418 1.089429
 419 1.087783
 420 1.092736
 421 0.991874
 422 0.985763
 423 0.977730
 424 0.984751
 425 0.985425
 426 1.006784
 427 1.010670
 428 1.000836
 429 0.970809
 430 0.990850
 431 0.991532
 432 1.071992
 433 1.107017
 434 1.125183
 435 1.154039
 436 1.080437
 437 1.064070
 438 1.095646
 439 1.141687
 440 1.120804
 441 1.093151
 442 1.082875
 443 1.117759
 444 1.053560
 445 1.111718
 446 1.098991
 447 1.108295
 448 0.982400
 449 0.919657
 450 1.001532
 451 0.957574
 452 0.901802
 453 0.990169
 454 0.959808
 455 0.972120
 456 0.986100
 457 0.986100
 458 1.041369
 459 1.050869
 460 0.944696
 461 1.014230
 462 0.987452
 463 0.969828
 464 0.939457
 465 0.931255
 466 0.911218
 467 1.017814
 468 0.959489
 469 0.946870
 470 0.952822
 471 0.979393
 472 0.936402
 473 0.963662
 474 0.943458
 475 1.000141
 476 0.962696
