Run1  Run2	  SER     SER_err   width   eff. tau
6245  6262        60.70   0.43      29.04   1265 
6263  6284        59.44   0.32      28.94   1251
6285  6326        57.45   0.54      28.34   1247  
6327  6345        56.99   0.65      28.21   1270
8733  8756        40.04   0.27      20.56   0
8758  8874        40.07   0.24      20.37   0
8875  8938        39.26   0.23      20.16   0
8939  9011        38.69   0.23      20.1    0
9012  9073        38.65   0.23      20.01   0
9074  9097        38.55   0.23      19.96   0
9098  9114        37.77   0.24      19.93   0
9115  9136        37.81   0.29      19.88   0
9138  9176        38.32   0.26      19.91   0
9177  9209        37.95   0.27      19.73   0
9210  9230        37.61   0.32      20.11   0
9231  9245        37.28   0.51      20.03   0
9438  9474        38.43   0.07      17.14   1221
9476  9493        38.28   0.06      16.70   1203
9494  9514        37.39   0.07      16.53   1233
9515  9553        36.82   0.07      16.40   1214
9554  9631        36.72   0.06      16.03   1209
9635  9701        36.72   0.06      16.03   1209
9762  9795        40.87   0.08      18.02   1191
9796  9817        40.60   0.07      17.64   1221
9819  9821        40.11   0.20      18.21   1175
9913  9918        42.13   0.06      17.73   1152
9919  9938        39.66   0.08      17.71   1184
9939  9961        39.16   0.08      18.19   1145
9962  9980        39.02   0.10      18.07   1079
11314 11577       54.50   0.20      23.30   0
13421 13595       54.50   0.20      23.30   0

