 4 1.114501
 5 1.068918
 6 1.047497
 7 1.064564
 8 1.086696
 9 1.105076
 10 1.114501
 11 1.091234
 12 1.114501
 13 1.105076
 14 1.114501
 15 1.124088
 16 1.124088
 17 1.128944
 18 1.133841
 19 1.124088
 20 1.133841
 21 1.114501
 22 1.143766
 23 1.100423
 24 1.007131
 25 1.011027
 26 1.014953
 27 0.999428
 28 0.988092
 29 0.999428
 30 1.003265
 31 0.973372
 32 0.959084
 33 0.969760
 34 0.945210
 35 0.955577
 36 0.955577
 37 1.003265
 38 0.918631
 39 0.918631
 40 0.921871
 41 0.909045
 42 0.945210
 43 0.962617
 44 0.941803
 45 0.921871
 46 0.902765
 47 0.902765
 48 0.928421
 49 0.966175
 50 0.928421
 51 0.948640
 52 0.928421
 53 0.909045
 54 0.918631
 55 0.962617
 56 0.931731
 57 0.909045
 58 0.938422
 59 0.941803
 60 0.928421
 61 0.948640
 62 0.945210
 63 0.918631
 64 0.912218
 65 0.966175
 66 0.948640
 67 0.912218
 68 0.890461
 69 0.925134
 70 0.955577
 71 0.938422
 72 0.935064
 73 0.945210
 74 0.925134
 75 0.931731
 76 0.912218
 77 0.945210
 78 0.959084
 79 0.928421
 80 0.948640
 81 0.995621
 82 0.925134
 83 0.945210
 84 1.051712
 85 0.915413
 86 0.955577
 87 0.988092
 88 0.921871
 89 0.945210
 90 1.047497
 91 1.043315
 92 1.068918
 93 1.068918
 94 1.043315
 95 1.077734
 96 0.959084
 97 0.984371
 98 0.959084
 99 0.988092
 100 0.962617
 101 0.973372
 102 0.973372
 103 1.022898
 104 0.988092
 105 1.100423
 106 1.095809
 107 1.109768
 108 1.100423
 109 1.119274
 110 1.091234
 111 0.991842
 112 1.124088
 113 1.124088
 114 1.148793
 115 1.124088
 116 1.133841
 117 0.988092
 118 1.011027
 119 1.064564
 120 0.988092
 121 1.018910
 122 1.043315
 123 1.119274
 124 1.114501
 125 1.109768
 126 1.128944
 127 1.105076
 128 0.977011
 129 0.991842
 130 1.030968
 131 1.055961
 132 1.018910
 133 0.925134
 134 0.973372
 135 0.962617
 136 1.051712
 137 0.966175
 138 0.973372
 139 0.988092
 140 0.980677
 141 0.969760
 142 0.966175
 143 0.938422
 144 0.952096
 145 0.962617
 146 0.955577
 147 1.026917
 148 0.962617
 149 0.959084
 150 0.966175
 151 1.030968
 152 0.935064
 153 1.051712
 154 1.086696
 155 1.077734
 156 1.095809
 157 1.086696
 158 1.073308
 159 1.060245
 160 0.988092
 161 0.945210
 162 0.959084
 163 0.969760
 164 0.955577
 165 0.973372
 166 0.938422
 167 0.941803
 168 0.921871
 169 0.952096
 170 0.928421
 171 0.955577
 172 0.921871
 173 0.935064
 174 0.980677
 175 0.928421
 176 1.018910
 177 1.064564
 178 1.073308
 179 1.105076
 180 1.091234
 181 1.018910
 182 0.995621
 183 0.962617
 184 0.984371
 185 1.003265
 186 0.991842
 187 1.014953
 188 1.007131
 189 0.984371
 190 0.980677
 191 0.988092
 192 1.091234
 193 1.114501
 194 1.119274
 195 1.109768
 196 1.060245
 197 1.060245
 198 1.068918
 199 1.119274
 200 1.100423
 201 1.095809
 202 1.100423
 203 1.095809
 204 1.095809
 205 1.095809
 206 1.095809
 207 1.100423
 208 0.969760
 209 0.945210
 210 0.991842
 211 0.977011
 212 0.918631
 213 0.969760
 214 0.962617
 215 0.966175
 216 0.977011
 217 0.988092
 218 1.007131
 219 1.030968
 220 0.980677
 221 1.003265
 222 0.977011
 223 0.977011
 224 0.941803
 225 0.962617
 226 0.962617
 227 1.014953
 228 0.969760
 229 0.902765
 230 0.959084
 231 0.999428
 232 0.938422
 233 0.973372
 234 0.959084
 235 1.003265
 236 0.977011
 237 1.022898
