Run1  Run2	  SER     SER_err   width   eff. tau
9438  9474        36.60   0.08      12.80   1136
9476  9493        36.30   0.08      12.70   1138
9494  9514        36.30   0.09      12.60   1125
9515  9553        35.70   0.08      12.60   1129
9554  9598        35.60   0.08      12.50   1122
9635  9656        35.40   0.09      12.50   1119.4
9661  9668        35.00   0.10      12.40   1134.9
9669  9673        35.30   0.09      12.60   1116.2
9678  9678        35.30   0.09      12.60   1116.2
9679  9692        35.30   0.09      12.30   1112.5
9693  9701        35.20   0.11      12.40   1104.7
9762  9795        45.90   0.09      15.30   1189
9796  9817        45.50   0.08      15.30   1187
9819  9821        45.20   0.21      15.70   1189
9895  9918        45.10   0.18      15.10   1131
9919  9938        44.80   0.09      15.00   1125
9939  9961        44.20   0.09      15.10   1107   
9962  9980        44.00   0.10      15.10   1081
11314 11577       51.9    0.10      17.25   0
13421 13595       50.12   0.05      17.10   0

