 1 0.919100
 2 0.902247
 3 0.911533
 4 0.900413
 5 0.911533
 6 0.912785
 7 0.938579
 8 0.932649
 10 0.936594
 11 0.958210
 12 0.952031
 13 0.958902
 15 0.955454
 16 0.970814
 17 0.966576
 18 0.965172
 19 0.967985
 20 0.976522
 21 0.966576
 22 0.960288
 23 0.967280
 24 0.988879
 25 0.978681
 26 0.972947
 27 0.967280
 28 0.970105
 29 0.987409
 30 0.980125
 31 0.989616
 32 0.994058
 33 0.994058
 34 0.997042
 35 0.993315
 36 0.997791
 37 0.993315
 38 1.002308
 39 0.998541
 40 0.992573
 41 0.997791
 42 0.991832
 43 0.991832
 44 0.993315
 45 1.001552
 46 0.985943
 47 0.998541
 48 0.987409
 49 0.997042
 50 0.991832
 51 0.983753
 52 0.980848
 53 0.981573
 54 0.977241
 55 0.972235
 56 0.970814
 57 0.986676
 58 0.975805
 59 0.978681
 60 0.975805
 61 0.975805
 62 0.967280
 63 1.008394
 64 0.966576
 65 0.967280
 66 0.955454
 67 0.972235
 68 0.953397
 69 0.964471
 70 0.947955
 71 0.953397
 72 0.952031
 73 0.957520
 74 0.944585
 75 0.955454
 76 0.954767
 77 0.965873
 78 0.957520
 79 0.965873
 80 0.972947
 81 0.974374
 82 0.990353
 83 0.995548
 84 0.988143
 85 0.988143
 86 0.985212
 87 0.981573
 88 0.970814
 89 0.975805
 90 0.986676
 91 0.959595
 92 0.993315
 93 0.989616
 94 0.991092
 95 0.988143
 96 0.976522
 97 0.975805
 98 0.972947
 99 0.988879
 100 0.974374
 101 0.972947
 102 0.988143
 103 0.983025
 104 0.975805
 105 0.989616
 106 0.983753
 107 0.982299
 108 0.977960
 109 0.980848
 110 0.982299
 111 0.977960
 112 0.986676
 113 0.985943
 114 0.979402
 115 0.983753
 116 0.980848
 117 0.977241
 118 0.975089
 119 0.967280
 120 0.980125
 121 0.990353
 122 0.987409
 123 0.981573
 124 0.973660
 125 0.989616
 126 0.989616
 127 0.983753
 128 0.955454
 129 0.955454
 130 0.966576
 131 0.954767
 132 0.962375
 133 0.961678
 134 0.964471
 135 0.972235
 136 0.970814
 137 0.977960
 138 0.970105
 139 0.960288
 140 0.968690
 141 0.964471
 142 0.967985
 143 0.970105
 144 1.005342
 145 1.011465
 146 1.028694
 147 1.009927
 148 1.015330
 149 1.016884
 150 1.010695
 151 1.017663
 152 0.993315
 153 1.000044
 154 0.991832
 155 1.006103
 156 1.013780
 157 1.005342
 158 1.006103
 159 1.027104
 160 0.978681
 161 0.991832
 162 1.002308
 163 0.995548
 164 0.996295
 165 0.994803
 166 0.991092
 167 0.976522
 168 0.999292
 169 0.996295
 170 0.988143
 171 0.983753
 172 0.997791
 173 0.994058
 174 0.997042
 175 1.001552
 176 1.000044
 177 0.994803
 178 0.998541
 179 1.005342
 180 0.993315
 181 0.992573
 182 0.999292
 183 1.002308
 184 1.001552
 185 1.004581
 186 1.011465
 187 1.006865
 188 1.013007
 189 1.003064
 190 1.004581
 191 1.020790
 192 1.030290
 193 1.047346
 194 1.044054
 195 1.040782
 196 1.032692
 197 1.045698
 198 1.045698
 199 1.050659
 201 1.056508
 202 1.050659
 203 1.053158
 206 1.031890
 211 1.833760
 213 1.813732
 214 1.784498
 215 1.772593
 216 1.782104
 217 1.756191
 218 1.746954
 219 1.016106
 220 1.728769
 221 1.756191
 227 0.943914
 228 0.958210
 229 0.965172
 230 0.972235
 231 0.971524
 232 0.916564
 233 0.904089
 234 0.913413
 235 0.945930
 236 0.965873
 243 0.979165
 244 0.979165
 245 0.920226
 246 0.934734
 247 0.952685
 248 1.013880
 249 1.031520
 250 1.061243
 251 1.015574
 252 1.030208
 253 1.043476
 254 1.043476
 255 1.024132
 256 1.005908
 257 1.015574
 258 1.058931
 259 1.018553
 260 1.023700
 261 0.989931
 262 1.042581
 263 1.039904
 264 1.021979
 265 1.033713
 266 1.039904
 267 1.025861
 268 0.993167
 269 1.007158
 270 1.031082
 271 1.023700
 272 0.991547
 273 1.011349
 274 0.993573
 275 0.968244
 276 0.985117
 277 0.981934
 278 0.992356
 279 0.969789
 280 1.004246
 281 1.025861
 282 0.989126
 283 0.993573
 284 1.014726
 285 0.957942
 286 0.959075
 287 0.997242
 288 0.989528
 289 0.945643
 290 0.935454
 291 0.975628
 292 0.936535
 293 0.949337
 294 0.955682
 295 0.971728
 296 0.944541
 297 0.978377
 298 0.940157
 299 0.966704
 300 0.968244
 301 0.969016
 302 0.997242
 303 0.968630
 304 0.944174
 305 0.962112
 306 0.954181
 307 0.935814
 308 0.934375
 309 0.966704
 310 0.981934
 311 0.974845
 312 1.008830
 313 0.957942
 314 0.949708
 315 0.985916
 316 0.946380
 317 0.958319
 318 0.969789
 319 0.990738
 320 0.983523
 321 0.985916
 322 0.976020
 323 0.957942
 324 1.016423
 325 0.954556
 326 1.000114
 327 1.005908
 328 0.969016
 329 1.012191
 330 0.979165
 331 0.980350
 332 0.995608
 333 1.005076
 334 0.979954
 335 1.018553
 336 0.999702
 337 1.003003
 338 0.972894
 339 0.961351
 340 1.004661
 341 1.002589
 342 1.004661
 343 1.022409
 344 0.992762
 345 1.027161
 346 1.015574
 347 1.018553
 348 1.011349
 349 1.014726
 350 0.996016
 351 1.019835
 352 1.001350
 353 1.036358
 354 1.033713
 355 1.012191
 356 1.002175
 357 1.020691
 358 1.016849
 359 1.040349
 360 1.005076
 361 1.008830
 362 1.015574
 363 0.981141
 364 0.970951
 365 0.971339
 366 1.008830
 367 0.998061
 368 1.042134
 369 1.034153
 370 1.020263
 371 1.015574
 372 0.982728
 373 0.999292
 374 1.031520
 375 1.017274
 376 0.993979
 377 0.996424
 378 1.024132
 379 1.029336
 380 1.025428
 381 1.014726
 382 0.969789
 383 1.028465
 384 1.004661
 385 0.977983
 386 1.006324
 387 0.985916
 388 1.007158
 389 0.973674
 390 0.997242
 391 0.996424
 392 0.994386
 393 0.970564
 394 0.978377
 395 1.000525
 396 1.006741
 397 0.986717
 398 0.969789
 399 1.000937
 400 1.025428
 401 1.016423
 402 1.015574
 403 0.998471
 404 0.959454
 405 0.976804
 406 0.972505
 407 0.987117
 408 0.965552
 409 0.994386
 410 0.983921
 411 1.026727
 412 0.960971
 413 0.998471
 414 0.971339
 415 0.985117
 416 1.021549
 417 0.974064
 418 1.006324
 419 1.004661
 420 1.000937
 421 0.979559
 422 1.009249
 423 1.039015
 424 1.019835
 425 1.007994
 426 1.039460
 427 1.035034
 428 1.025428
 429 1.013457
 430 1.030208
 431 1.031520
 432 0.988321
 433 1.025861
 434 1.036358
 435 1.068238
 436 1.050692
 437 1.037685
 438 1.053881
 439 1.048426
 440 1.033713
 441 1.016423
 442 0.997651
 443 1.032835
 444 0.982728
 445 1.025428
 446 1.006324
 447 1.035916
 448 1.045271
 449 0.984718
 450 1.022839
 451 0.981141
 452 0.965552
 453 1.022409
 454 0.992762
 455 1.004246
 456 1.035034
 457 1.021120
 458 1.040795
 459 1.048879
 460 0.992356
 461 1.032835
 462 1.045720
 463 1.041687
 464 1.032396
 465 1.026294
 466 1.007158
 467 1.036358
 468 1.021979
 469 0.992762
 470 1.009668
 471 1.020691
 472 1.010928
 473 1.032396
 474 1.008412
 475 1.027161
 476 1.009668
 477 1.022409
