0 1
1 321 0 0 0 0 0.005705 0.037264 0.297622 0.577674 0.493667 23.750000 0.000000 0.000000 0.0
1 1
1 321 0 0 0 0 -0.052625 0.092352 0.280538 0.577674 0.493667 23.750000 0.000000 0.000000 0.0
2 1
1 321 0 0 0 0 -0.169927 -0.069578 0.237242 0.577674 0.493667 23.750000 0.000000 0.000000 0.0
3 1
1 321 0 0 0 0 -0.003656 0.004463 0.299945 0.577674 0.493667 23.750000 0.000000 0.000000 0.0
4 1
1 321 0 0 0 0 -0.261888 -0.038270 0.141245 0.577674 0.493667 23.750000 0.000000 0.000000 0.0
5 1
1 321 0 0 0 0 -0.054052 -0.041302 0.292186 0.577674 0.493667 23.750000 0.000000 0.000000 0.0
6 1
1 321 0 0 0 0 0.062519 0.040527 0.290601 0.577674 0.493667 23.750000 0.000000 0.000000 0.0
7 1
1 321 0 0 0 0 0.087850 0.033506 0.284885 0.577674 0.493667 23.750000 0.000000 0.000000 0.0
8 1
1 321 0 0 0 0 -0.026956 0.038631 0.296279 0.577674 0.493667 23.750000 0.000000 0.000000 0.0
9 1
1 321 0 0 0 0 -0.011877 -0.035272 0.297682 0.577674 0.493667 23.750000 0.000000 0.000000 0.0
10 1
1 321 0 0 0 0 0.052690 -0.082186 0.283671 0.577674 0.493667 23.750000 0.000000 0.000000 0.0
11 1
1 321 0 0 0 0 0.119730 -0.053837 0.269753 0.577674 0.493667 23.750000 0.000000 0.000000 0.0
12 1
1 321 0 0 0 0 -0.058200 0.012360 0.294041 0.577674 0.493667 23.750000 0.000000 0.000000 0.0
13 1
1 321 0 0 0 0 -0.082256 0.007156 0.288414 0.577674 0.493667 23.750000 0.000000 0.000000 0.0
14 1
1 321 0 0 0 0 -0.010135 0.082792 0.288172 0.577674 0.493667 23.750000 0.000000 0.000000 0.0
15 1
1 321 0 0 0 0 0.006788 -0.034212 0.297966 0.577674 0.493667 23.750000 0.000000 0.000000 0.0
16 1
1 321 0 0 0 0 0.023459 0.061324 0.292727 0.577674 0.493667 23.750000 0.000000 0.000000 0.0
17 1
1 321 0 0 0 0 0.030319 0.040435 0.295712 0.577674 0.493667 23.750000 0.000000 0.000000 0.0
18 1
1 321 0 0 0 0 0.050582 0.263021 0.135135 0.577674 0.493667 23.750000 0.000000 0.000000 0.0
19 1
1 321 0 0 0 0 -0.002612 -0.136105 0.267336 0.577674 0.493667 23.750000 0.000000 0.000000 0.0
20 1
1 321 0 0 0 0 -0.099785 0.057311 0.277053 0.577674 0.493667 23.750000 0.000000 0.000000 0.0
21 1
1 321 0 0 0 0 0.055026 0.009443 0.294759 0.577674 0.493667 23.750000 0.000000 0.000000 0.0
22 1
1 321 0 0 0 0 -0.013960 0.020363 0.298982 0.577674 0.493667 23.750000 0.000000 0.000000 0.0
23 1
1 321 0 0 0 0 0.051618 0.033161 0.293660 0.577674 0.493667 23.750000 0.000000 0.000000 0.0
24 1
1 321 0 0 0 0 -0.021050 0.013981 0.298934 0.577674 0.493667 23.750000 0.000000 0.000000 0.0
25 1
1 321 0 0 0 0 -0.111113 0.222132 0.168259 0.577674 0.493667 23.750000 0.000000 0.000000 0.0
26 1
1 321 0 0 0 0 0.008033 0.108552 0.279557 0.577674 0.493667 23.750000 0.000000 0.000000 0.0
27 1
1 321 0 0 0 0 -0.053123 -0.100065 0.277786 0.577674 0.493667 23.750000 0.000000 0.000000 0.0
28 1
1 321 0 0 0 0 -0.014248 -0.023658 0.298726 0.577674 0.493667 23.750000 0.000000 0.000000 0.0
29 1
1 321 0 0 0 0 0.008890 0.001237 0.299866 0.577674 0.493667 23.750000 0.000000 0.000000 0.0
30 1
1 321 0 0 0 0 -0.016040 0.103129 0.281260 0.577674 0.493667 23.750000 0.000000 0.000000 0.0
31 1
1 321 0 0 0 0 -0.033691 -0.019712 0.297450 0.577674 0.493667 23.750000 0.000000 0.000000 0.0
32 1
1 321 0 0 0 0 0.010428 -0.030388 0.298275 0.577674 0.493667 23.750000 0.000000 0.000000 0.0
33 1
1 321 0 0 0 0 -0.041145 -0.051771 0.292621 0.577674 0.493667 23.750000 0.000000 0.000000 0.0
34 1
1 321 0 0 0 0 -0.081733 -0.221346 0.185272 0.577674 0.493667 23.750000 0.000000 0.000000 0.0
35 1
1 321 0 0 0 0 0.039531 0.107868 0.277132 0.577674 0.493667 23.750000 0.000000 0.000000 0.0
36 1
1 321 0 0 0 0 -0.013869 0.013748 0.299364 0.577674 0.493667 23.750000 0.000000 0.000000 0.0
37 1
1 321 0 0 0 0 -0.165255 -0.000072 0.250381 0.577674 0.493667 23.750000 0.000000 0.000000 0.0
38 1
1 321 0 0 0 0 -0.086350 -0.003938 0.287277 0.577674 0.493667 23.750000 0.000000 0.000000 0.0
39 1
1 321 0 0 0 0 -0.048610 0.075264 0.286308 0.577674 0.493667 23.750000 0.000000 0.000000 0.0
40 1
1 321 0 0 0 0 0.002651 0.056613 0.294598 0.577674 0.493667 23.750000 0.000000 0.000000 0.0
41 1
1 321 0 0 0 0 -0.008465 -0.002111 0.299873 0.577674 0.493667 23.750000 0.000000 0.000000 0.0
42 1
1 321 0 0 0 0 -0.016712 0.093263 0.284645 0.577674 0.493667 23.750000 0.000000 0.000000 0.0
43 1
1 321 0 0 0 0 0.084762 -0.067725 0.279694 0.577674 0.493667 23.750000 0.000000 0.000000 0.0
44 1
1 321 0 0 0 0 -0.231667 -0.160958 0.102093 0.577674 0.493667 23.750000 0.000000 0.000000 0.0
45 1
1 321 0 0 0 0 -0.037294 -0.030351 0.296122 0.577674 0.493667 23.750000 0.000000 0.000000 0.0
46 1
1 321 0 0 0 0 0.085933 -0.030904 0.285763 0.577674 0.493667 23.750000 0.000000 0.000000 0.0
47 1
1 321 0 0 0 0 -0.006474 0.040914 0.297127 0.577674 0.493667 23.750000 0.000000 0.000000 0.0
48 1
1 321 0 0 0 0 -0.055215 0.069014 0.286685 0.577674 0.493667 23.750000 0.000000 0.000000 0.0
49 1
1 321 0 0 0 0 0.099005 -0.104511 0.263202 0.577674 0.493667 23.750000 0.000000 0.000000 0.0
50 1
1 321 0 0 0 0 -0.041202 0.155326 0.253331 0.577674 0.493667 23.750000 0.000000 0.000000 0.0
51 1
1 321 0 0 0 0 -0.033386 0.068250 0.290219 0.577674 0.493667 23.750000 0.000000 0.000000 0.0
52 1
1 321 0 0 0 0 -0.002862 -0.058933 0.294141 0.577674 0.493667 23.750000 0.000000 0.000000 0.0
53 1
1 321 0 0 0 0 -0.122189 -0.005080 0.273942 0.577674 0.493667 23.750000 0.000000 0.000000 0.0
54 1
1 321 0 0 0 0 -0.128550 -0.026300 0.269783 0.577674 0.493667 23.750000 0.000000 0.000000 0.0
55 1
1 321 0 0 0 0 -0.156562 0.075146 0.244625 0.577674 0.493667 23.750000 0.000000 0.000000 0.0
56 1
1 321 0 0 0 0 0.150930 0.091198 0.242700 0.577674 0.493667 23.750000 0.000000 0.000000 0.0
57 1
1 321 0 0 0 0 0.043296 0.070154 0.288451 0.577674 0.493667 23.750000 0.000000 0.000000 0.0
58 1
1 321 0 0 0 0 -0.090476 -0.144290 0.246971 0.577674 0.493667 23.750000 0.000000 0.000000 0.0
59 1
1 321 0 0 0 0 0.001127 -0.000872 0.299997 0.577674 0.493667 23.750000 0.000000 0.000000 0.0
60 1
1 321 0 0 0 0 0.000963 0.000952 0.299997 0.577674 0.493667 23.750000 0.000000 0.000000 0.0
61 1
1 321 0 0 0 0 0.026247 -0.025624 0.297749 0.577674 0.493667 23.750000 0.000000 0.000000 0.0
62 1
1 321 0 0 0 0 0.084922 -0.148772 0.246283 0.577674 0.493667 23.750000 0.000000 0.000000 0.0
63 1
1 321 0 0 0 0 -0.009464 -0.148077 0.260737 0.577674 0.493667 23.750000 0.000000 0.000000 0.0
64 1
1 321 0 0 0 0 0.031498 0.001051 0.298340 0.577674 0.493667 23.750000 0.000000 0.000000 0.0
65 1
1 321 0 0 0 0 -0.082509 0.035695 0.286213 0.577674 0.493667 23.750000 0.000000 0.000000 0.0
66 1
1 321 0 0 0 0 -0.029133 -0.017534 0.298067 0.577674 0.493667 23.750000 0.000000 0.000000 0.0
67 1
1 321 0 0 0 0 -0.014969 -0.039575 0.297001 0.577674 0.493667 23.750000 0.000000 0.000000 0.0
68 1
1 321 0 0 0 0 -0.020892 0.006289 0.299206 0.577674 0.493667 23.750000 0.000000 0.000000 0.0
69 1
1 321 0 0 0 0 0.019031 0.008891 0.299264 0.577674 0.493667 23.750000 0.000000 0.000000 0.0
70 1
1 321 0 0 0 0 -0.126637 0.147537 0.228464 0.577674 0.493667 23.750000 0.000000 0.000000 0.0
71 1
1 321 0 0 0 0 0.074114 -0.074813 0.280910 0.577674 0.493667 23.750000 0.000000 0.000000 0.0
72 1
1 321 0 0 0 0 0.003096 -0.001177 0.299982 0.577674 0.493667 23.750000 0.000000 0.000000 0.0
73 1
1 321 0 0 0 0 0.017628 0.023536 0.298555 0.577674 0.493667 23.750000 0.000000 0.000000 0.0
74 1
1 321 0 0 0 0 -0.007457 -0.004250 0.299877 0.577674 0.493667 23.750000 0.000000 0.000000 0.0
75 1
1 321 0 0 0 0 -0.000728 0.001344 0.299996 0.577674 0.493667 23.750000 0.000000 0.000000 0.0
76 1
1 321 0 0 0 0 -0.163508 0.006101 0.251451 0.577674 0.493667 23.750000 0.000000 0.000000 0.0
77 1
1 321 0 0 0 0 0.247643 0.052439 0.161006 0.577674 0.493667 23.750000 0.000000 0.000000 0.0
78 1
1 321 0 0 0 0 -0.073900 0.025197 0.289662 0.577674 0.493667 23.750000 0.000000 0.000000 0.0
79 1
1 321 0 0 0 0 -0.066993 0.043304 0.289200 0.577674 0.493667 23.750000 0.000000 0.000000 0.0
80 1
1 321 0 0 0 0 0.095456 0.048782 0.280194 0.577674 0.493667 23.750000 0.000000 0.000000 0.0
81 1
1 321 0 0 0 0 -0.020011 -0.022464 0.298488 0.577674 0.493667 23.750000 0.000000 0.000000 0.0
82 1
1 321 0 0 0 0 0.004993 0.005327 0.299911 0.577674 0.493667 23.750000 0.000000 0.000000 0.0
83 1
1 321 0 0 0 0 0.006452 -0.002835 0.299917 0.577674 0.493667 23.750000 0.000000 0.000000 0.0
84 1
1 321 0 0 0 0 0.017980 -0.015484 0.299060 0.577674 0.493667 23.750000 0.000000 0.000000 0.0
85 1
1 321 0 0 0 0 0.044867 0.031257 0.294974 0.577674 0.493667 23.750000 0.000000 0.000000 0.0
86 1
1 321 0 0 0 0 -0.007480 0.008735 0.299780 0.577674 0.493667 23.750000 0.000000 0.000000 0.0
87 1
1 321 0 0 0 0 0.109347 0.031392 0.277593 0.577674 0.493667 23.750000 0.000000 0.000000 0.0
88 1
1 321 0 0 0 0 0.093277 -0.116843 0.260091 0.577674 0.493667 23.750000 0.000000 0.000000 0.0
89 1
1 321 0 0 0 0 0.023315 0.103826 0.280493 0.577674 0.493667 23.750000 0.000000 0.000000 0.0
90 1
1 321 0 0 0 0 -0.203853 -0.147068 0.163753 0.577674 0.493667 23.750000 0.000000 0.000000 0.0
91 1
1 321 0 0 0 0 0.074356 -0.051446 0.286050 0.577674 0.493667 23.750000 0.000000 0.000000 0.0
92 1
1 321 0 0 0 0 0.188542 -0.184104 0.143379 0.577674 0.493667 23.750000 0.000000 0.000000 0.0
93 1
1 321 0 0 0 0 -0.037786 0.018388 0.297042 0.577674 0.493667 23.750000 0.000000 0.000000 0.0
94 1
1 321 0 0 0 0 0.064482 0.049672 0.288747 0.577674 0.493667 23.750000 0.000000 0.000000 0.0
95 1
1 321 0 0 0 0 0.103382 0.006866 0.281540 0.577674 0.493667 23.750000 0.000000 0.000000 0.0
96 1
1 321 0 0 0 0 0.009444 0.012097 0.299607 0.577674 0.493667 23.750000 0.000000 0.000000 0.0
97 1
1 321 0 0 0 0 0.101293 -0.024221 0.281341 0.577674 0.493667 23.750000 0.000000 0.000000 0.0
98 1
1 321 0 0 0 0 0.164892 -0.106557 0.226839 0.577674 0.493667 23.750000 0.000000 0.000000 0.0
99 1
1 321 0 0 0 0 0.038089 -0.000855 0.297571 0.577674 0.493667 23.750000 0.000000 0.000000 0.0
100 1
1 2212 0 0 0 0 0.023007 0.009348 0.298970 0.985066 0.938272 23.750000 0.000000 0.000000 0.0
101 1
1 2212 0 0 0 0 0.045412 0.027624 0.295254 0.985066 0.938272 23.750000 0.000000 0.000000 0.0
102 1
1 2212 0 0 0 0 -0.092878 -0.085712 0.272079 0.985066 0.938272 23.750000 0.000000 0.000000 0.0
103 1
1 2212 0 0 0 0 0.157812 -0.176695 0.184050 0.985066 0.938272 23.750000 0.000000 0.000000 0.0
104 1
1 2212 0 0 0 0 0.053901 0.018569 0.294533 0.985066 0.938272 23.750000 0.000000 0.000000 0.0
105 1
1 2212 0 0 0 0 0.170164 -0.022528 0.246042 0.985066 0.938272 23.750000 0.000000 0.000000 0.0
106 1
1 2212 0 0 0 0 0.021631 0.113611 0.276811 0.985066 0.938272 23.750000 0.000000 0.000000 0.0
107 1
1 2212 0 0 0 0 0.072349 -0.043120 0.287935 0.985066 0.938272 23.750000 0.000000 0.000000 0.0
108 1
1 2212 0 0 0 0 -0.234074 -0.049611 0.180964 0.985066 0.938272 23.750000 0.000000 0.000000 0.0
109 1
1 2212 0 0 0 0 0.049471 0.038338 0.293399 0.985066 0.938272 23.750000 0.000000 0.000000 0.0
110 1
1 2212 0 0 0 0 0.082487 0.012752 0.288155 0.985066 0.938272 23.750000 0.000000 0.000000 0.0
111 1
1 2212 0 0 0 0 0.025097 0.032992 0.297122 0.985066 0.938272 23.750000 0.000000 0.000000 0.0
112 1
1 2212 0 0 0 0 -0.009520 -0.031905 0.298147 0.985066 0.938272 23.750000 0.000000 0.000000 0.0
113 1
1 2212 0 0 0 0 -0.251015 -0.052481 0.155683 0.985066 0.938272 23.750000 0.000000 0.000000 0.0
114 1
1 2212 0 0 0 0 0.204373 0.110148 0.189997 0.985066 0.938272 23.750000 0.000000 0.000000 0.0
115 1
1 2212 0 0 0 0 0.016359 -0.064470 0.292534 0.985066 0.938272 23.750000 0.000000 0.000000 0.0
116 1
1 2212 0 0 0 0 -0.090300 -0.013393 0.285773 0.985066 0.938272 23.750000 0.000000 0.000000 0.0
117 1
1 2212 0 0 0 0 0.001561 -0.006321 0.299929 0.985066 0.938272 23.750000 0.000000 0.000000 0.0
118 1
1 2212 0 0 0 0 0.066084 -0.013302 0.292329 0.985066 0.938272 23.750000 0.000000 0.000000 0.0
119 1
1 2212 0 0 0 0 -0.026267 0.215346 0.207210 0.985066 0.938272 23.750000 0.000000 0.000000 0.0
120 1
1 2212 0 0 0 0 0.013273 0.027568 0.298436 0.985066 0.938272 23.750000 0.000000 0.000000 0.0
121 1
1 2212 0 0 0 0 0.200869 -0.077400 0.208951 0.985066 0.938272 23.750000 0.000000 0.000000 0.0
122 1
1 2212 0 0 0 0 -0.095836 0.235641 0.159025 0.985066 0.938272 23.750000 0.000000 0.000000 0.0
123 1
1 2212 0 0 0 0 -0.164489 0.006435 0.250803 0.985066 0.938272 23.750000 0.000000 0.000000 0.0
124 1
1 2212 0 0 0 0 0.001316 -0.061798 0.293563 0.985066 0.938272 23.750000 0.000000 0.000000 0.0
125 1
1 2212 0 0 0 0 -0.005957 -0.018568 0.299366 0.985066 0.938272 23.750000 0.000000 0.000000 0.0
126 1
1 2212 0 0 0 0 0.177933 -0.035049 0.238980 0.985066 0.938272 23.750000 0.000000 0.000000 0.0
127 1
1 2212 0 0 0 0 -0.064722 -0.194828 0.218754 0.985066 0.938272 23.750000 0.000000 0.000000 0.0
128 1
1 2212 0 0 0 0 -0.030383 -0.030157 0.296930 0.985066 0.938272 23.750000 0.000000 0.000000 0.0
129 1
1 2212 0 0 0 0 -0.227868 -0.002930 0.195109 0.985066 0.938272 23.750000 0.000000 0.000000 0.0
130 1
1 2212 0 0 0 0 -0.039898 -0.138414 0.263153 0.985066 0.938272 23.750000 0.000000 0.000000 0.0
131 1
1 2212 0 0 0 0 0.107235 -0.196655 0.199568 0.985066 0.938272 23.750000 0.000000 0.000000 0.0
132 1
1 2212 0 0 0 0 0.069696 -0.121698 0.265202 0.985066 0.938272 23.750000 0.000000 0.000000 0.0
133 1
1 2212 0 0 0 0 -0.007701 0.014524 0.299549 0.985066 0.938272 23.750000 0.000000 0.000000 0.0
134 1
1 2212 0 0 0 0 0.083615 -0.045395 0.284513 0.985066 0.938272 23.750000 0.000000 0.000000 0.0
135 1
1 2212 0 0 0 0 -0.009019 -0.005172 0.299820 0.985066 0.938272 23.750000 0.000000 0.000000 0.0
136 1
1 2212 0 0 0 0 -0.129272 0.028213 0.269245 0.985066 0.938272 23.750000 0.000000 0.000000 0.0
137 1
1 2212 0 0 0 0 0.041257 0.120393 0.271668 0.985066 0.938272 23.750000 0.000000 0.000000 0.0
138 1
1 2212 0 0 0 0 -0.006794 -0.076004 0.290133 0.985066 0.938272 23.750000 0.000000 0.000000 0.0
139 1
1 2212 0 0 0 0 -0.036889 -0.014199 0.297385 0.985066 0.938272 23.750000 0.000000 0.000000 0.0
140 1
1 2212 0 0 0 0 0.125056 -0.085870 0.258819 0.985066 0.938272 23.750000 0.000000 0.000000 0.0
141 1
1 2212 0 0 0 0 0.013580 0.087830 0.286533 0.985066 0.938272 23.750000 0.000000 0.000000 0.0
142 1
1 2212 0 0 0 0 0.114489 0.039346 0.274489 0.985066 0.938272 23.750000 0.000000 0.000000 0.0
143 1
1 2212 0 0 0 0 0.202319 0.105752 0.194637 0.985066 0.938272 23.750000 0.000000 0.000000 0.0
144 1
1 2212 0 0 0 0 0.093651 -0.124793 0.256235 0.985066 0.938272 23.750000 0.000000 0.000000 0.0
145 1
1 2212 0 0 0 0 -0.029363 0.008990 0.298424 0.985066 0.938272 23.750000 0.000000 0.000000 0.0
146 1
1 2212 0 0 0 0 0.018249 -0.104963 0.280446 0.985066 0.938272 23.750000 0.000000 0.000000 0.0
147 1
1 2212 0 0 0 0 -0.024957 -0.186392 0.233742 0.985066 0.938272 23.750000 0.000000 0.000000 0.0
148 1
1 2212 0 0 0 0 0.157296 -0.171310 0.189501 0.985066 0.938272 23.750000 0.000000 0.000000 0.0
149 1
1 2212 0 0 0 0 -0.004486 -0.038547 0.297479 0.985066 0.938272 23.750000 0.000000 0.000000 0.0
150 1
1 2212 0 0 0 0 0.125896 -0.077987 0.260899 0.985066 0.938272 23.750000 0.000000 0.000000 0.0
151 1
1 2212 0 0 0 0 0.178287 -0.043226 0.237371 0.985066 0.938272 23.750000 0.000000 0.000000 0.0
152 1
1 2212 0 0 0 0 -0.006022 -0.013647 0.299629 0.985066 0.938272 23.750000 0.000000 0.000000 0.0
153 1
1 2212 0 0 0 0 -0.047479 -0.126502 0.267849 0.985066 0.938272 23.750000 0.000000 0.000000 0.0
154 1
1 2212 0 0 0 0 -0.008205 0.006383 0.299820 0.985066 0.938272 23.750000 0.000000 0.000000 0.0
155 1
1 2212 0 0 0 0 -0.105478 0.048666 0.276597 0.985066 0.938272 23.750000 0.000000 0.000000 0.0
156 1
1 2212 0 0 0 0 0.016074 0.168109 0.247954 0.985066 0.938272 23.750000 0.000000 0.000000 0.0
157 1
1 2212 0 0 0 0 -0.050793 -0.124872 0.268006 0.985066 0.938272 23.750000 0.000000 0.000000 0.0
158 1
1 2212 0 0 0 0 0.001017 0.069967 0.291725 0.985066 0.938272 23.750000 0.000000 0.000000 0.0
159 1
1 2212 0 0 0 0 0.198936 -0.112540 0.194317 0.985066 0.938272 23.750000 0.000000 0.000000 0.0
160 1
1 2212 0 0 0 0 -0.093642 -0.243965 0.147351 0.985066 0.938272 23.750000 0.000000 0.000000 0.0
161 1
1 2212 0 0 0 0 0.046202 -0.138964 0.261829 0.985066 0.938272 23.750000 0.000000 0.000000 0.0
162 1
1 2212 0 0 0 0 -0.000883 0.057417 0.294453 0.985066 0.938272 23.750000 0.000000 0.000000 0.0
163 1
1 2212 0 0 0 0 0.030298 -0.001546 0.298462 0.985066 0.938272 23.750000 0.000000 0.000000 0.0
164 1
1 2212 0 0 0 0 -0.013752 -0.075221 0.290091 0.985066 0.938272 23.750000 0.000000 0.000000 0.0
165 1
1 2212 0 0 0 0 0.013382 0.026516 0.298526 0.985066 0.938272 23.750000 0.000000 0.000000 0.0
166 1
1 2212 0 0 0 0 0.177897 -0.235716 0.052828 0.985066 0.938272 23.750000 0.000000 0.000000 0.0
167 1
1 2212 0 0 0 0 -0.195317 0.042561 0.223696 0.985066 0.938272 23.750000 0.000000 0.000000 0.0
168 1
1 2212 0 0 0 0 -0.030834 0.042144 0.295420 0.985066 0.938272 23.750000 0.000000 0.000000 0.0
169 1
1 2212 0 0 0 0 -0.047044 0.189926 0.227409 0.985066 0.938272 23.750000 0.000000 0.000000 0.0
170 1
1 2212 0 0 0 0 0.001507 0.017948 0.299459 0.985066 0.938272 23.750000 0.000000 0.000000 0.0
171 1
1 2212 0 0 0 0 0.012362 -0.014927 0.299373 0.985066 0.938272 23.750000 0.000000 0.000000 0.0
172 1
1 2212 0 0 0 0 0.000946 0.049328 0.295915 0.985066 0.938272 23.750000 0.000000 0.000000 0.0
173 1
1 2212 0 0 0 0 0.121451 -0.013408 0.273989 0.985066 0.938272 23.750000 0.000000 0.000000 0.0
174 1
1 2212 0 0 0 0 -0.024846 -0.046704 0.295299 0.985066 0.938272 23.750000 0.000000 0.000000 0.0
175 1
1 2212 0 0 0 0 0.222704 0.145312 0.138879 0.985066 0.938272 23.750000 0.000000 0.000000 0.0
176 1
1 2212 0 0 0 0 0.013192 0.022013 0.298900 0.985066 0.938272 23.750000 0.000000 0.000000 0.0
177 1
1 2212 0 0 0 0 -0.075298 -0.199837 0.210702 0.985066 0.938272 23.750000 0.000000 0.000000 0.0
178 1
1 2212 0 0 0 0 0.060715 -0.037145 0.291434 0.985066 0.938272 23.750000 0.000000 0.000000 0.0
179 1
1 2212 0 0 0 0 -0.060391 -0.109704 0.272613 0.985066 0.938272 23.750000 0.000000 0.000000 0.0
180 1
1 2212 0 0 0 0 -0.094264 0.184861 0.216659 0.985066 0.938272 23.750000 0.000000 0.000000 0.0
181 1
1 2212 0 0 0 0 0.025927 -0.141012 0.263521 0.985066 0.938272 23.750000 0.000000 0.000000 0.0
182 1
1 2212 0 0 0 0 -0.048727 0.012321 0.295760 0.985066 0.938272 23.750000 0.000000 0.000000 0.0
183 1
1 2212 0 0 0 0 0.019512 0.007530 0.299270 0.985066 0.938272 23.750000 0.000000 0.000000 0.0
184 1
1 2212 0 0 0 0 0.157133 -0.106601 0.232262 0.985066 0.938272 23.750000 0.000000 0.000000 0.0
185 1
1 2212 0 0 0 0 -0.036153 -0.111430 0.276182 0.985066 0.938272 23.750000 0.000000 0.000000 0.0
186 1
1 2212 0 0 0 0 -0.072563 -0.124525 0.263112 0.985066 0.938272 23.750000 0.000000 0.000000 0.0
187 1
1 2212 0 0 0 0 -0.143185 -0.041685 0.260308 0.985066 0.938272 23.750000 0.000000 0.000000 0.0
188 1
1 2212 0 0 0 0 -0.059278 -0.117867 0.269432 0.985066 0.938272 23.750000 0.000000 0.000000 0.0
189 1
1 2212 0 0 0 0 0.080079 -0.172476 0.232033 0.985066 0.938272 23.750000 0.000000 0.000000 0.0
190 1
1 2212 0 0 0 0 0.045238 -0.033753 0.294643 0.985066 0.938272 23.750000 0.000000 0.000000 0.0
191 1
1 2212 0 0 0 0 -0.007551 0.029920 0.298409 0.985066 0.938272 23.750000 0.000000 0.000000 0.0
192 1
1 2212 0 0 0 0 -0.038748 -0.126509 0.269247 0.985066 0.938272 23.750000 0.000000 0.000000 0.0
193 1
1 2212 0 0 0 0 0.001735 0.203603 0.220324 0.985066 0.938272 23.750000 0.000000 0.000000 0.0
194 1
1 2212 0 0 0 0 0.001095 0.036790 0.297734 0.985066 0.938272 23.750000 0.000000 0.000000 0.0
195 1
1 2212 0 0 0 0 -0.019239 -0.038197 0.296936 0.985066 0.938272 23.750000 0.000000 0.000000 0.0
196 1
1 2212 0 0 0 0 -0.063320 0.129933 0.262884 0.985066 0.938272 23.750000 0.000000 0.000000 0.0
197 1
1 2212 0 0 0 0 -0.019199 0.182546 0.237294 0.985066 0.938272 23.750000 0.000000 0.000000 0.0
198 1
1 2212 0 0 0 0 0.004936 -0.019053 0.299354 0.985066 0.938272 23.750000 0.000000 0.000000 0.0
199 1
1 2212 0 0 0 0 0.164146 0.120067 0.220545 0.985066 0.938272 23.750000 0.000000 0.000000 0.0
200 1
1 11 0 0 0 0 0.174065 -0.161571 0.183293 0.300000 0.000511 23.750000 0.000000 0.000000 0.0
201 1
1 11 0 0 0 0 0.067382 -0.069984 0.283834 0.300000 0.000511 23.750000 0.000000 0.000000 0.0
202 1
1 11 0 0 0 0 0.214593 -0.162307 0.132688 0.300000 0.000511 23.750000 0.000000 0.000000 0.0
203 1
1 11 0 0 0 0 0.022880 0.060654 0.292912 0.300000 0.000511 23.750000 0.000000 0.000000 0.0
204 1
1 11 0 0 0 0 -0.014556 0.233179 0.188190 0.300000 0.000511 23.750000 0.000000 0.000000 0.0
205 1
1 11 0 0 0 0 0.015341 0.021709 0.298820 0.300000 0.000511 23.750000 0.000000 0.000000 0.0
206 1
1 11 0 0 0 0 0.005511 -0.095691 0.284276 0.300000 0.000511 23.750000 0.000000 0.000000 0.0
207 1
1 11 0 0 0 0 0.005433 -0.047189 0.296216 0.300000 0.000511 23.750000 0.000000 0.000000 0.0
208 1
1 11 0 0 0 0 0.029367 0.011194 0.298349 0.300000 0.000511 23.750000 0.000000 0.000000 0.0
209 1
1 11 0 0 0 0 0.034619 0.042380 0.294967 0.300000 0.000511 23.750000 0.000000 0.000000 0.0
210 1
1 11 0 0 0 0 0.037823 -0.038112 0.295156 0.300000 0.000511 23.750000 0.000000 0.000000 0.0
211 1
1 11 0 0 0 0 -0.249548 0.082733 0.144502 0.300000 0.000511 23.750000 0.000000 0.000000 0.0
212 1
1 11 0 0 0 0 -0.063314 -0.033678 0.291302 0.300000 0.000511 23.750000 0.000000 0.000000 0.0
213 1
1 11 0 0 0 0 0.043151 -0.011540 0.296656 0.300000 0.000511 23.750000 0.000000 0.000000 0.0
214 1
1 11 0 0 0 0 0.013261 -0.006858 0.299628 0.300000 0.000511 23.750000 0.000000 0.000000 0.0
215 1
1 11 0 0 0 0 -0.124332 -0.088180 0.258391 0.300000 0.000511 23.750000 0.000000 0.000000 0.0
216 1
1 11 0 0 0 0 0.094028 0.043965 0.281471 0.300000 0.000511 23.750000 0.000000 0.000000 0.0
217 1
1 11 0 0 0 0 0.010523 0.016977 0.299334 0.300000 0.000511 23.750000 0.000000 0.000000 0.0
218 1
1 11 0 0 0 0 -0.198351 0.186827 0.125509 0.300000 0.000511 23.750000 0.000000 0.000000 0.0
219 1
1 11 0 0 0 0 -0.108631 -0.217680 0.175541 0.300000 0.000511 23.750000 0.000000 0.000000 0.0
220 1
1 11 0 0 0 0 -0.143158 0.168805 0.202511 0.300000 0.000511 23.750000 0.000000 0.000000 0.0
221 1
1 11 0 0 0 0 0.051045 0.027111 0.294380 0.300000 0.000511 23.750000 0.000000 0.000000 0.0
222 1
1 11 0 0 0 0 -0.019369 -0.008205 0.299262 0.300000 0.000511 23.750000 0.000000 0.000000 0.0
223 1
1 11 0 0 0 0 -0.006168 -0.001075 0.299935 0.300000 0.000511 23.750000 0.000000 0.000000 0.0
224 1
1 11 0 0 0 0 -0.019985 0.119580 0.274411 0.300000 0.000511 23.750000 0.000000 0.000000 0.0
225 1
1 11 0 0 0 0 -0.160094 -0.007992 0.253586 0.300000 0.000511 23.750000 0.000000 0.000000 0.0
226 1
1 11 0 0 0 0 -0.077823 -0.005739 0.289673 0.300000 0.000511 23.750000 0.000000 0.000000 0.0
227 1
1 11 0 0 0 0 0.050464 -0.112378 0.273541 0.300000 0.000511 23.750000 0.000000 0.000000 0.0
228 1
1 11 0 0 0 0 -0.043539 -0.025105 0.295760 0.300000 0.000511 23.750000 0.000000 0.000000 0.0
229 1
1 11 0 0 0 0 -0.056984 -0.155851 0.249926 0.300000 0.000511 23.750000 0.000000 0.000000 0.0
230 1
1 11 0 0 0 0 0.202800 0.008545 0.220905 0.300000 0.000511 23.750000 0.000000 0.000000 0.0
231 1
1 11 0 0 0 0 0.038379 0.131339 0.266978 0.300000 0.000511 23.750000 0.000000 0.000000 0.0
232 1
1 11 0 0 0 0 -0.094084 0.062620 0.277897 0.300000 0.000511 23.750000 0.000000 0.000000 0.0
233 1
1 11 0 0 0 0 0.209788 0.085053 0.196863 0.300000 0.000511 23.750000 0.000000 0.000000 0.0
234 1
1 11 0 0 0 0 -0.126658 0.041030 0.268839 0.300000 0.000511 23.750000 0.000000 0.000000 0.0
235 1
1 11 0 0 0 0 0.055342 0.012137 0.294601 0.300000 0.000511 23.750000 0.000000 0.000000 0.0
236 1
1 11 0 0 0 0 0.099038 0.070492 0.274267 0.300000 0.000511 23.750000 0.000000 0.000000 0.0
237 1
1 11 0 0 0 0 0.121515 0.109138 0.251640 0.300000 0.000511 23.750000 0.000000 0.000000 0.0
238 1
1 11 0 0 0 0 -0.035483 -0.230555 0.188641 0.300000 0.000511 23.750000 0.000000 0.000000 0.0
239 1
1 11 0 0 0 0 -0.011317 0.050892 0.295435 0.300000 0.000511 23.750000 0.000000 0.000000 0.0
240 1
1 11 0 0 0 0 0.088941 0.162187 0.236188 0.300000 0.000511 23.750000 0.000000 0.000000 0.0
241 1
1 11 0 0 0 0 -0.002956 -0.011993 0.299746 0.300000 0.000511 23.750000 0.000000 0.000000 0.0
242 1
1 11 0 0 0 0 0.010525 -0.021900 0.299014 0.300000 0.000511 23.750000 0.000000 0.000000 0.0
243 1
1 11 0 0 0 0 -0.071531 0.016116 0.290901 0.300000 0.000511 23.750000 0.000000 0.000000 0.0
244 1
1 11 0 0 0 0 0.230876 0.023900 0.190066 0.300000 0.000511 23.750000 0.000000 0.000000 0.0
245 1
1 11 0 0 0 0 0.090832 0.007412 0.285823 0.300000 0.000511 23.750000 0.000000 0.000000 0.0
246 1
1 11 0 0 0 0 -0.100987 0.079500 0.271074 0.300000 0.000511 23.750000 0.000000 0.000000 0.0
247 1
1 11 0 0 0 0 -0.046116 0.110294 0.275152 0.300000 0.000511 23.750000 0.000000 0.000000 0.0
248 1
1 11 0 0 0 0 0.100794 -0.136261 0.247535 0.300000 0.000511 23.750000 0.000000 0.000000 0.0
249 1
1 11 0 0 0 0 0.194021 -0.047090 0.223916 0.300000 0.000511 23.750000 0.000000 0.000000 0.0
250 1
1 11 0 0 0 0 0.003261 -0.189788 0.232314 0.300000 0.000511 23.750000 0.000000 0.000000 0.0
251 1
1 11 0 0 0 0 -0.184648 -0.062214 0.228111 0.300000 0.000511 23.750000 0.000000 0.000000 0.0
252 1
1 11 0 0 0 0 0.203608 -0.046780 0.215303 0.300000 0.000511 23.750000 0.000000 0.000000 0.0
253 1
1 11 0 0 0 0 -0.093565 -0.136012 0.250492 0.300000 0.000511 23.750000 0.000000 0.000000 0.0
254 1
1 11 0 0 0 0 -0.063957 -0.179878 0.231416 0.300000 0.000511 23.750000 0.000000 0.000000 0.0
255 1
1 11 0 0 0 0 0.141289 -0.078676 0.252681 0.300000 0.000511 23.750000 0.000000 0.000000 0.0
256 1
1 11 0 0 0 0 0.089439 0.131951 0.254145 0.300000 0.000511 23.750000 0.000000 0.000000 0.0
257 1
1 11 0 0 0 0 0.213025 0.087575 0.192226 0.300000 0.000511 23.750000 0.000000 0.000000 0.0
258 1
1 11 0 0 0 0 -0.047035 0.118099 0.271736 0.300000 0.000511 23.750000 0.000000 0.000000 0.0
259 1
1 11 0 0 0 0 -0.186594 -0.019611 0.234090 0.300000 0.000511 23.750000 0.000000 0.000000 0.0
260 1
1 11 0 0 0 0 0.006228 -0.005006 0.299894 0.300000 0.000511 23.750000 0.000000 0.000000 0.0
261 1
1 11 0 0 0 0 -0.016040 0.047123 0.295841 0.300000 0.000511 23.750000 0.000000 0.000000 0.0
262 1
1 11 0 0 0 0 -0.063835 -0.005633 0.293076 0.300000 0.000511 23.750000 0.000000 0.000000 0.0
263 1
1 11 0 0 0 0 -0.198064 0.068085 0.214791 0.300000 0.000511 23.750000 0.000000 0.000000 0.0
264 1
1 11 0 0 0 0 -0.018302 0.067188 0.291806 0.300000 0.000511 23.750000 0.000000 0.000000 0.0
265 1
1 11 0 0 0 0 -0.095313 -0.085044 0.271446 0.300000 0.000511 23.750000 0.000000 0.000000 0.0
266 1
1 11 0 0 0 0 -0.038932 -0.212272 0.208386 0.300000 0.000511 23.750000 0.000000 0.000000 0.0
267 1
1 11 0 0 0 0 -0.011188 -0.203531 0.220114 0.300000 0.000511 23.750000 0.000000 0.000000 0.0
268 1
1 11 0 0 0 0 0.170775 -0.110470 0.220527 0.300000 0.000511 23.750000 0.000000 0.000000 0.0
269 1
1 11 0 0 0 0 0.189766 -0.058143 0.224963 0.300000 0.000511 23.750000 0.000000 0.000000 0.0
270 1
1 11 0 0 0 0 0.124996 -0.267169 0.054743 0.300000 0.000511 23.750000 0.000000 0.000000 0.0
271 1
1 11 0 0 0 0 -0.071879 -0.038198 0.288746 0.300000 0.000511 23.750000 0.000000 0.000000 0.0
272 1
1 11 0 0 0 0 -0.007065 0.016146 0.299482 0.300000 0.000511 23.750000 0.000000 0.000000 0.0
273 1
1 11 0 0 0 0 0.038779 -0.078709 0.286882 0.300000 0.000511 23.750000 0.000000 0.000000 0.0
274 1
1 11 0 0 0 0 -0.230554 -0.070889 0.178381 0.300000 0.000511 23.750000 0.000000 0.000000 0.0
275 1
1 11 0 0 0 0 0.152896 0.028752 0.256508 0.300000 0.000511 23.750000 0.000000 0.000000 0.0
276 1
1 11 0 0 0 0 -0.103709 -0.059795 0.275080 0.300000 0.000511 23.750000 0.000000 0.000000 0.0
277 1
1 11 0 0 0 0 -0.299528 0.016463 0.003489 0.300000 0.000511 23.750000 0.000000 0.000000 0.0
278 1
1 11 0 0 0 0 -0.105318 0.152172 0.236118 0.300000 0.000511 23.750000 0.000000 0.000000 0.0
279 1
1 11 0 0 0 0 -0.069963 0.271429 0.106919 0.300000 0.000511 23.750000 0.000000 0.000000 0.0
280 1
1 11 0 0 0 0 -0.071861 0.053062 0.286392 0.300000 0.000511 23.750000 0.000000 0.000000 0.0
281 1
1 11 0 0 0 0 0.038839 0.125193 0.269849 0.300000 0.000511 23.750000 0.000000 0.000000 0.0
282 1
1 11 0 0 0 0 0.058354 -0.089029 0.280479 0.300000 0.000511 23.750000 0.000000 0.000000 0.0
283 1
1 11 0 0 0 0 0.084579 -0.010793 0.287628 0.300000 0.000511 23.750000 0.000000 0.000000 0.0
284 1
1 11 0 0 0 0 -0.146224 0.000850 0.261950 0.300000 0.000511 23.750000 0.000000 0.000000 0.0
285 1
1 11 0 0 0 0 0.064265 -0.106357 0.273053 0.300000 0.000511 23.750000 0.000000 0.000000 0.0
286 1
1 11 0 0 0 0 0.134494 -0.182335 0.196635 0.300000 0.000511 23.750000 0.000000 0.000000 0.0
287 1
1 11 0 0 0 0 0.038101 0.038972 0.295008 0.300000 0.000511 23.750000 0.000000 0.000000 0.0
288 1
1 11 0 0 0 0 -0.083584 -0.013220 0.287817 0.300000 0.000511 23.750000 0.000000 0.000000 0.0
289 1
1 11 0 0 0 0 0.096169 -0.103815 0.264526 0.300000 0.000511 23.750000 0.000000 0.000000 0.0
290 1
1 11 0 0 0 0 -0.100920 -0.036509 0.280147 0.300000 0.000511 23.750000 0.000000 0.000000 0.0
291 1
1 11 0 0 0 0 -0.083342 0.010989 0.287981 0.300000 0.000511 23.750000 0.000000 0.000000 0.0
292 1
1 11 0 0 0 0 0.055602 -0.146736 0.255689 0.300000 0.000511 23.750000 0.000000 0.000000 0.0
293 1
1 11 0 0 0 0 -0.175685 0.021650 0.242211 0.300000 0.000511 23.750000 0.000000 0.000000 0.0
294 1
1 11 0 0 0 0 -0.021861 0.017305 0.298702 0.300000 0.000511 23.750000 0.000000 0.000000 0.0
295 1
1 11 0 0 0 0 0.019516 0.011048 0.299161 0.300000 0.000511 23.750000 0.000000 0.000000 0.0
296 1
1 11 0 0 0 0 -0.106436 0.057026 0.274626 0.300000 0.000511 23.750000 0.000000 0.000000 0.0
297 1
1 11 0 0 0 0 0.030103 0.052085 0.293906 0.300000 0.000511 23.750000 0.000000 0.000000 0.0
298 1
1 11 0 0 0 0 -0.066751 0.023270 0.291552 0.300000 0.000511 23.750000 0.000000 0.000000 0.0
299 1
1 11 0 0 0 0 0.110210 0.010624 0.278820 0.300000 0.000511 23.750000 0.000000 0.000000 0.0
300 1
1 13 0 0 0 0 -0.051535 0.009121 0.295400 0.318062 0.105658 23.750000 0.000000 0.000000 0.0
301 1
1 13 0 0 0 0 0.070951 -0.085658 0.278619 0.318062 0.105658 23.750000 0.000000 0.000000 0.0
302 1
1 13 0 0 0 0 0.166479 0.247168 0.034537 0.318062 0.105658 23.750000 0.000000 0.000000 0.0
303 1
1 13 0 0 0 0 0.152987 -0.002512 0.258048 0.318062 0.105658 23.750000 0.000000 0.000000 0.0
304 1
1 13 0 0 0 0 0.168337 -0.090328 0.231308 0.318062 0.105658 23.750000 0.000000 0.000000 0.0
305 1
1 13 0 0 0 0 0.112332 0.232991 0.151976 0.318062 0.105658 23.750000 0.000000 0.000000 0.0
306 1
1 13 0 0 0 0 0.138749 -0.018465 0.265345 0.318062 0.105658 23.750000 0.000000 0.000000 0.0
307 1
1 13 0 0 0 0 -0.020521 0.039772 0.296643 0.318062 0.105658 23.750000 0.000000 0.000000 0.0
308 1
1 13 0 0 0 0 -0.057361 0.003154 0.294448 0.318062 0.105658 23.750000 0.000000 0.000000 0.0
309 1
1 13 0 0 0 0 0.103174 0.086581 0.268065 0.318062 0.105658 23.750000 0.000000 0.000000 0.0
310 1
1 13 0 0 0 0 0.005631 0.013580 0.299640 0.318062 0.105658 23.750000 0.000000 0.000000 0.0
311 1
1 13 0 0 0 0 0.103446 -0.102356 0.262340 0.318062 0.105658 23.750000 0.000000 0.000000 0.0
312 1
1 13 0 0 0 0 -0.019919 -0.017050 0.298852 0.318062 0.105658 23.750000 0.000000 0.000000 0.0
313 1
1 13 0 0 0 0 -0.130353 0.121233 0.241476 0.318062 0.105658 23.750000 0.000000 0.000000 0.0
314 1
1 13 0 0 0 0 -0.189576 0.005838 0.232436 0.318062 0.105658 23.750000 0.000000 0.000000 0.0
315 1
1 13 0 0 0 0 -0.009456 0.147157 0.261257 0.318062 0.105658 23.750000 0.000000 0.000000 0.0
316 1
1 13 0 0 0 0 0.131326 -0.036688 0.267222 0.318062 0.105658 23.750000 0.000000 0.000000 0.0
317 1
1 13 0 0 0 0 0.015398 0.011581 0.299381 0.318062 0.105658 23.750000 0.000000 0.000000 0.0
318 1
1 13 0 0 0 0 -0.004932 -0.122552 0.273782 0.318062 0.105658 23.750000 0.000000 0.000000 0.0
319 1
1 13 0 0 0 0 0.177455 -0.034414 0.239427 0.318062 0.105658 23.750000 0.000000 0.000000 0.0
320 1
1 13 0 0 0 0 0.019957 0.001944 0.299329 0.318062 0.105658 23.750000 0.000000 0.000000 0.0
321 1
1 13 0 0 0 0 -0.030687 -0.068091 0.290555 0.318062 0.105658 23.750000 0.000000 0.000000 0.0
322 1
1 13 0 0 0 0 -0.020921 -0.077587 0.289037 0.318062 0.105658 23.750000 0.000000 0.000000 0.0
323 1
1 13 0 0 0 0 0.130370 0.095484 0.252758 0.318062 0.105658 23.750000 0.000000 0.000000 0.0
324 1
1 13 0 0 0 0 0.082811 -0.034340 0.286292 0.318062 0.105658 23.750000 0.000000 0.000000 0.0
325 1
1 13 0 0 0 0 0.086055 -0.106565 0.266905 0.318062 0.105658 23.750000 0.000000 0.000000 0.0
326 1
1 13 0 0 0 0 0.069899 0.237713 0.169135 0.318062 0.105658 23.750000 0.000000 0.000000 0.0
327 1
1 13 0 0 0 0 -0.067051 -0.042724 0.289273 0.318062 0.105658 23.750000 0.000000 0.000000 0.0
328 1
1 13 0 0 0 0 0.139153 0.096687 0.247564 0.318062 0.105658 23.750000 0.000000 0.000000 0.0
329 1
1 13 0 0 0 0 -0.101748 -0.057779 0.276241 0.318062 0.105658 23.750000 0.000000 0.000000 0.0
330 1
1 13 0 0 0 0 -0.090423 -0.092183 0.270788 0.318062 0.105658 23.750000 0.000000 0.000000 0.0
331 1
1 13 0 0 0 0 0.051933 -0.067247 0.287716 0.318062 0.105658 23.750000 0.000000 0.000000 0.0
332 1
1 13 0 0 0 0 0.062902 -0.130931 0.262489 0.318062 0.105658 23.750000 0.000000 0.000000 0.0
333 1
1 13 0 0 0 0 -0.110680 -0.035078 0.276622 0.318062 0.105658 23.750000 0.000000 0.000000 0.0
334 1
1 13 0 0 0 0 0.016986 0.022534 0.298670 0.318062 0.105658 23.750000 0.000000 0.000000 0.0
335 1
1 13 0 0 0 0 0.009814 -0.000375 0.299839 0.318062 0.105658 23.750000 0.000000 0.000000 0.0
336 1
1 13 0 0 0 0 -0.097246 -0.016660 0.283312 0.318062 0.105658 23.750000 0.000000 0.000000 0.0
337 1
1 13 0 0 0 0 -0.014188 0.000698 0.299663 0.318062 0.105658 23.750000 0.000000 0.000000 0.0
338 1
1 13 0 0 0 0 0.040630 -0.064627 0.290125 0.318062 0.105658 23.750000 0.000000 0.000000 0.0
339 1
1 13 0 0 0 0 0.086626 -0.129290 0.256476 0.318062 0.105658 23.750000 0.000000 0.000000 0.0
340 1
1 13 0 0 0 0 0.145884 0.014307 0.261750 0.318062 0.105658 23.750000 0.000000 0.000000 0.0
341 1
1 13 0 0 0 0 -0.003168 0.022486 0.299139 0.318062 0.105658 23.750000 0.000000 0.000000 0.0
342 1
1 13 0 0 0 0 0.029817 -0.086361 0.285749 0.318062 0.105658 23.750000 0.000000 0.000000 0.0
343 1
1 13 0 0 0 0 0.072686 0.014935 0.290678 0.318062 0.105658 23.750000 0.000000 0.000000 0.0
344 1
1 13 0 0 0 0 -0.033963 0.000789 0.298070 0.318062 0.105658 23.750000 0.000000 0.000000 0.0
345 1
1 13 0 0 0 0 -0.048634 0.069564 0.287742 0.318062 0.105658 23.750000 0.000000 0.000000 0.0
346 1
1 13 0 0 0 0 0.095903 -0.063883 0.276987 0.318062 0.105658 23.750000 0.000000 0.000000 0.0
347 1
1 13 0 0 0 0 0.111170 -0.060932 0.271898 0.318062 0.105658 23.750000 0.000000 0.000000 0.0
348 1
1 13 0 0 0 0 0.115057 0.144255 0.236542 0.318062 0.105658 23.750000 0.000000 0.000000 0.0
349 1
1 13 0 0 0 0 0.050594 0.048976 0.291619 0.318062 0.105658 23.750000 0.000000 0.000000 0.0
350 1
1 13 0 0 0 0 -0.023767 -0.040985 0.296235 0.318062 0.105658 23.750000 0.000000 0.000000 0.0
351 1
1 13 0 0 0 0 0.013191 0.012132 0.299464 0.318062 0.105658 23.750000 0.000000 0.000000 0.0
352 1
1 13 0 0 0 0 0.030718 -0.055848 0.293151 0.318062 0.105658 23.750000 0.000000 0.000000 0.0
353 1
1 13 0 0 0 0 0.019037 -0.010602 0.299208 0.318062 0.105658 23.750000 0.000000 0.000000 0.0
354 1
1 13 0 0 0 0 0.257820 -0.028306 0.150757 0.318062 0.105658 23.750000 0.000000 0.000000 0.0
355 1
1 13 0 0 0 0 -0.112297 0.009312 0.278034 0.318062 0.105658 23.750000 0.000000 0.000000 0.0
356 1
1 13 0 0 0 0 -0.105202 0.042521 0.277713 0.318062 0.105658 23.750000 0.000000 0.000000 0.0
357 1
1 13 0 0 0 0 -0.019821 -0.005976 0.299285 0.318062 0.105658 23.750000 0.000000 0.000000 0.0
358 1
1 13 0 0 0 0 -0.115770 0.026167 0.275523 0.318062 0.105658 23.750000 0.000000 0.000000 0.0
359 1
1 13 0 0 0 0 -0.074311 -0.071639 0.281684 0.318062 0.105658 23.750000 0.000000 0.000000 0.0
360 1
1 13 0 0 0 0 0.240474 0.083374 0.158812 0.318062 0.105658 23.750000 0.000000 0.000000 0.0
361 1
1 13 0 0 0 0 0.000287 -0.009791 0.299840 0.318062 0.105658 23.750000 0.000000 0.000000 0.0
362 1
1 13 0 0 0 0 0.065134 0.067753 0.284898 0.318062 0.105658 23.750000 0.000000 0.000000 0.0
363 1
1 13 0 0 0 0 0.045323 -0.024684 0.295528 0.318062 0.105658 23.750000 0.000000 0.000000 0.0
364 1
1 13 0 0 0 0 0.071881 -0.007836 0.291156 0.318062 0.105658 23.750000 0.000000 0.000000 0.0
365 1
1 13 0 0 0 0 -0.008042 0.079219 0.289240 0.318062 0.105658 23.750000 0.000000 0.000000 0.0
366 1
1 13 0 0 0 0 0.223591 0.181111 0.084887 0.318062 0.105658 23.750000 0.000000 0.000000 0.0
367 1
1 13 0 0 0 0 -0.023565 0.040488 0.296320 0.318062 0.105658 23.750000 0.000000 0.000000 0.0
368 1
1 13 0 0 0 0 -0.006747 -0.006302 0.299858 0.318062 0.105658 23.750000 0.000000 0.000000 0.0
369 1
1 13 0 0 0 0 -0.095636 0.007077 0.284260 0.318062 0.105658 23.750000 0.000000 0.000000 0.0
370 1
1 13 0 0 0 0 0.017789 0.073153 0.290400 0.318062 0.105658 23.750000 0.000000 0.000000 0.0
371 1
1 13 0 0 0 0 0.174769 -0.024849 0.242566 0.318062 0.105658 23.750000 0.000000 0.000000 0.0
372 1
1 13 0 0 0 0 -0.061050 0.143692 0.256174 0.318062 0.105658 23.750000 0.000000 0.000000 0.0
373 1
1 13 0 0 0 0 0.043651 0.042059 0.293812 0.318062 0.105658 23.750000 0.000000 0.000000 0.0
374 1
1 13 0 0 0 0 -0.019472 0.000338 0.299367 0.318062 0.105658 23.750000 0.000000 0.000000 0.0
375 1
1 13 0 0 0 0 0.024752 -0.035784 0.296828 0.318062 0.105658 23.750000 0.000000 0.000000 0.0
376 1
1 13 0 0 0 0 -0.172869 -0.016387 0.244638 0.318062 0.105658 23.750000 0.000000 0.000000 0.0
377 1
1 13 0 0 0 0 0.022055 -0.166273 0.248731 0.318062 0.105658 23.750000 0.000000 0.000000 0.0
378 1
1 13 0 0 0 0 0.136672 0.080307 0.254699 0.318062 0.105658 23.750000 0.000000 0.000000 0.0
379 1
1 13 0 0 0 0 0.048740 -0.027161 0.294765 0.318062 0.105658 23.750000 0.000000 0.000000 0.0
380 1
1 13 0 0 0 0 -0.005184 0.002566 0.299944 0.318062 0.105658 23.750000 0.000000 0.000000 0.0
381 1
1 13 0 0 0 0 -0.146929 0.070292 0.251934 0.318062 0.105658 23.750000 0.000000 0.000000 0.0
382 1
1 13 0 0 0 0 0.147609 -0.010098 0.260978 0.318062 0.105658 23.750000 0.000000 0.000000 0.0
383 1
1 13 0 0 0 0 -0.163376 0.043906 0.247751 0.318062 0.105658 23.750000 0.000000 0.000000 0.0
384 1
1 13 0 0 0 0 -0.013389 -0.021022 0.298963 0.318062 0.105658 23.750000 0.000000 0.000000 0.0
385 1
1 13 0 0 0 0 -0.059946 -0.189602 0.224628 0.318062 0.105658 23.750000 0.000000 0.000000 0.0
386 1
1 13 0 0 0 0 0.072030 0.019207 0.290590 0.318062 0.105658 23.750000 0.000000 0.000000 0.0
387 1
1 13 0 0 0 0 -0.037639 -0.047630 0.293794 0.318062 0.105658 23.750000 0.000000 0.000000 0.0
388 1
1 13 0 0 0 0 -0.008193 -0.000596 0.299888 0.318062 0.105658 23.750000 0.000000 0.000000 0.0
389 1
1 13 0 0 0 0 0.145660 0.164316 0.204410 0.318062 0.105658 23.750000 0.000000 0.000000 0.0
390 1
1 13 0 0 0 0 -0.243547 -0.049698 0.167973 0.318062 0.105658 23.750000 0.000000 0.000000 0.0
391 1
1 13 0 0 0 0 0.041484 -0.033542 0.295219 0.318062 0.105658 23.750000 0.000000 0.000000 0.0
392 1
1 13 0 0 0 0 0.120251 0.160509 0.223107 0.318062 0.105658 23.750000 0.000000 0.000000 0.0
393 1
1 13 0 0 0 0 0.004007 0.004644 0.299937 0.318062 0.105658 23.750000 0.000000 0.000000 0.0
394 1
1 13 0 0 0 0 0.197444 0.086963 0.208454 0.318062 0.105658 23.750000 0.000000 0.000000 0.0
395 1
1 13 0 0 0 0 0.225648 -0.010363 0.197422 0.318062 0.105658 23.750000 0.000000 0.000000 0.0
396 1
1 13 0 0 0 0 0.024628 0.044312 0.295686 0.318062 0.105658 23.750000 0.000000 0.000000 0.0
397 1
1 13 0 0 0 0 -0.077805 0.036993 0.287364 0.318062 0.105658 23.750000 0.000000 0.000000 0.0
398 1
1 13 0 0 0 0 -0.051543 -0.005769 0.295483 0.318062 0.105658 23.750000 0.000000 0.000000 0.0
399 1
1 13 0 0 0 0 0.107559 -0.153255 0.234402 0.318062 0.105658 23.750000 0.000000 0.000000 0.0
400 1
1 211 0 0 0 0 -0.002761 0.074650 0.290551 0.330877 0.139570 23.750000 0.000000 0.000000 0.0
401 1
1 211 0 0 0 0 -0.213823 -0.024288 0.209021 0.330877 0.139570 23.750000 0.000000 0.000000 0.0
402 1
1 211 0 0 0 0 -0.000156 0.002425 0.299990 0.330877 0.139570 23.750000 0.000000 0.000000 0.0
403 1
1 211 0 0 0 0 -0.002045 0.089552 0.286315 0.330877 0.139570 23.750000 0.000000 0.000000 0.0
404 1
1 211 0 0 0 0 -0.121490 -0.211029 0.175234 0.330877 0.139570 23.750000 0.000000 0.000000 0.0
405 1
1 211 0 0 0 0 0.063286 -0.078587 0.282523 0.330877 0.139570 23.750000 0.000000 0.000000 0.0
406 1
1 211 0 0 0 0 0.016228 -0.054544 0.294553 0.330877 0.139570 23.750000 0.000000 0.000000 0.0
407 1
1 211 0 0 0 0 0.001892 0.000395 0.299994 0.330877 0.139570 23.750000 0.000000 0.000000 0.0
408 1
1 211 0 0 0 0 0.087700 -0.050396 0.282434 0.330877 0.139570 23.750000 0.000000 0.000000 0.0
409 1
1 211 0 0 0 0 -0.001888 0.000399 0.299994 0.330877 0.139570 23.750000 0.000000 0.000000 0.0
410 1
1 211 0 0 0 0 -0.001805 0.002314 0.299986 0.330877 0.139570 23.750000 0.000000 0.000000 0.0
411 1
1 211 0 0 0 0 -0.114188 0.047194 0.273375 0.330877 0.139570 23.750000 0.000000 0.000000 0.0
412 1
1 211 0 0 0 0 0.081782 -0.058570 0.282633 0.330877 0.139570 23.750000 0.000000 0.000000 0.0
413 1
1 211 0 0 0 0 0.066082 -0.128690 0.262815 0.330877 0.139570 23.750000 0.000000 0.000000 0.0
414 1
1 211 0 0 0 0 -0.072676 0.035737 0.288862 0.330877 0.139570 23.750000 0.000000 0.000000 0.0
415 1
1 211 0 0 0 0 0.028711 0.031520 0.296955 0.330877 0.139570 23.750000 0.000000 0.000000 0.0
416 1
1 211 0 0 0 0 0.003929 -0.164001 0.251174 0.330877 0.139570 23.750000 0.000000 0.000000 0.0
417 1
1 211 0 0 0 0 -0.008426 -0.017036 0.299397 0.330877 0.139570 23.750000 0.000000 0.000000 0.0
418 1
1 211 0 0 0 0 0.102127 0.039527 0.279299 0.330877 0.139570 23.750000 0.000000 0.000000 0.0
419 1
1 211 0 0 0 0 -0.001699 -0.001780 0.299990 0.330877 0.139570 23.750000 0.000000 0.000000 0.0
420 1
1 211 0 0 0 0 -0.139761 0.128227 0.232432 0.330877 0.139570 23.750000 0.000000 0.000000 0.0
421 1
1 211 0 0 0 0 -0.048567 0.193091 0.224404 0.330877 0.139570 23.750000 0.000000 0.000000 0.0
422 1
1 211 0 0 0 0 0.103392 -0.041069 0.278610 0.330877 0.139570 23.750000 0.000000 0.000000 0.0
423 1
1 211 0 0 0 0 0.181933 -0.125530 0.202836 0.330877 0.139570 23.750000 0.000000 0.000000 0.0
424 1
1 211 0 0 0 0 0.154810 0.003670 0.256944 0.330877 0.139570 23.750000 0.000000 0.000000 0.0
425 1
1 211 0 0 0 0 -0.027076 -0.013384 0.298476 0.330877 0.139570 23.750000 0.000000 0.000000 0.0
426 1
1 211 0 0 0 0 0.015718 0.033899 0.297664 0.330877 0.139570 23.750000 0.000000 0.000000 0.0
427 1
1 211 0 0 0 0 0.089154 -0.093478 0.270765 0.330877 0.139570 23.750000 0.000000 0.000000 0.0
428 1
1 211 0 0 0 0 0.039599 -0.015558 0.296968 0.330877 0.139570 23.750000 0.000000 0.000000 0.0
429 1
1 211 0 0 0 0 -0.056277 0.117126 0.270397 0.330877 0.139570 23.750000 0.000000 0.000000 0.0
430 1
1 211 0 0 0 0 -0.043535 0.066235 0.289340 0.330877 0.139570 23.750000 0.000000 0.000000 0.0
431 1
1 211 0 0 0 0 -0.090526 0.040321 0.283159 0.330877 0.139570 23.750000 0.000000 0.000000 0.0
432 1
1 211 0 0 0 0 -0.006264 0.036122 0.297752 0.330877 0.139570 23.750000 0.000000 0.000000 0.0
433 1
1 211 0 0 0 0 0.113535 -0.105857 0.256718 0.330877 0.139570 23.750000 0.000000 0.000000 0.0
434 1
1 211 0 0 0 0 -0.088042 -0.041892 0.283714 0.330877 0.139570 23.750000 0.000000 0.000000 0.0
435 1
1 211 0 0 0 0 0.188702 0.212002 0.097194 0.330877 0.139570 23.750000 0.000000 0.000000 0.0
436 1
1 211 0 0 0 0 -0.090103 -0.015928 0.285706 0.330877 0.139570 23.750000 0.000000 0.000000 0.0
437 1
1 211 0 0 0 0 0.007236 -0.005338 0.299865 0.330877 0.139570 23.750000 0.000000 0.000000 0.0
438 1
1 211 0 0 0 0 0.084420 -0.044247 0.284456 0.330877 0.139570 23.750000 0.000000 0.000000 0.0
439 1
1 211 0 0 0 0 0.011614 -0.162942 0.251625 0.330877 0.139570 23.750000 0.000000 0.000000 0.0
440 1
1 211 0 0 0 0 -0.012005 0.037756 0.297372 0.330877 0.139570 23.750000 0.000000 0.000000 0.0
441 1
1 211 0 0 0 0 -0.049046 0.025003 0.294906 0.330877 0.139570 23.750000 0.000000 0.000000 0.0
442 1
1 211 0 0 0 0 0.060107 -0.123720 0.266609 0.330877 0.139570 23.750000 0.000000 0.000000 0.0
443 1
1 211 0 0 0 0 0.023475 -0.228324 0.193176 0.330877 0.139570 23.750000 0.000000 0.000000 0.0
444 1
1 211 0 0 0 0 0.002078 -0.032915 0.298182 0.330877 0.139570 23.750000 0.000000 0.000000 0.0
445 1
1 211 0 0 0 0 -0.043048 0.186478 0.231025 0.330877 0.139570 23.750000 0.000000 0.000000 0.0
446 1
1 211 0 0 0 0 0.007587 0.008526 0.299783 0.330877 0.139570 23.750000 0.000000 0.000000 0.0
447 1
1 211 0 0 0 0 0.112934 -0.019033 0.277279 0.330877 0.139570 23.750000 0.000000 0.000000 0.0
448 1
1 211 0 0 0 0 0.265725 -0.003036 0.139216 0.330877 0.139570 23.750000 0.000000 0.000000 0.0
449 1
1 211 0 0 0 0 0.041976 -0.152312 0.255028 0.330877 0.139570 23.750000 0.000000 0.000000 0.0
450 1
1 211 0 0 0 0 0.026945 -0.079989 0.287882 0.330877 0.139570 23.750000 0.000000 0.000000 0.0
451 1
1 211 0 0 0 0 -0.045185 -0.101976 0.278495 0.330877 0.139570 23.750000 0.000000 0.000000 0.0
452 1
1 211 0 0 0 0 0.035982 -0.054902 0.292730 0.330877 0.139570 23.750000 0.000000 0.000000 0.0
453 1
1 211 0 0 0 0 0.083280 -0.021981 0.287369 0.330877 0.139570 23.750000 0.000000 0.000000 0.0
454 1
1 211 0 0 0 0 0.046513 0.077671 0.286013 0.330877 0.139570 23.750000 0.000000 0.000000 0.0
455 1
1 211 0 0 0 0 -0.027234 0.235269 0.184138 0.330877 0.139570 23.750000 0.000000 0.000000 0.0
456 1
1 211 0 0 0 0 0.008305 -0.052426 0.295267 0.330877 0.139570 23.750000 0.000000 0.000000 0.0
457 1
1 211 0 0 0 0 0.066099 0.016733 0.292149 0.330877 0.139570 23.750000 0.000000 0.000000 0.0
458 1
1 211 0 0 0 0 0.003969 -0.102075 0.282072 0.330877 0.139570 23.750000 0.000000 0.000000 0.0
459 1
1 211 0 0 0 0 -0.104648 -0.000175 0.281156 0.330877 0.139570 23.750000 0.000000 0.000000 0.0
460 1
1 211 0 0 0 0 0.002931 0.002308 0.299977 0.330877 0.139570 23.750000 0.000000 0.000000 0.0
461 1
1 211 0 0 0 0 -0.071747 0.009245 0.291148 0.330877 0.139570 23.750000 0.000000 0.000000 0.0
462 1
1 211 0 0 0 0 0.032595 0.044173 0.294934 0.330877 0.139570 23.750000 0.000000 0.000000 0.0
463 1
1 211 0 0 0 0 -0.027542 -0.144521 0.261448 0.330877 0.139570 23.750000 0.000000 0.000000 0.0
464 1
1 211 0 0 0 0 -0.009761 0.021796 0.299048 0.330877 0.139570 23.750000 0.000000 0.000000 0.0
465 1
1 211 0 0 0 0 -0.016639 0.001123 0.299536 0.330877 0.139570 23.750000 0.000000 0.000000 0.0
466 1
1 211 0 0 0 0 0.018140 -0.051324 0.295020 0.330877 0.139570 23.750000 0.000000 0.000000 0.0
467 1
1 211 0 0 0 0 0.021528 -0.119535 0.274314 0.330877 0.139570 23.750000 0.000000 0.000000 0.0
468 1
1 211 0 0 0 0 -0.088940 -0.106416 0.266018 0.330877 0.139570 23.750000 0.000000 0.000000 0.0
469 1
1 211 0 0 0 0 -0.019952 -0.027817 0.298041 0.330877 0.139570 23.750000 0.000000 0.000000 0.0
470 1
1 211 0 0 0 0 -0.001068 -0.042421 0.296984 0.330877 0.139570 23.750000 0.000000 0.000000 0.0
471 1
1 211 0 0 0 0 0.054453 0.186530 0.228564 0.330877 0.139570 23.750000 0.000000 0.000000 0.0
472 1
1 211 0 0 0 0 0.155923 0.093236 0.238737 0.330877 0.139570 23.750000 0.000000 0.000000 0.0
473 1
1 211 0 0 0 0 -0.012368 -0.004305 0.299714 0.330877 0.139570 23.750000 0.000000 0.000000 0.0
474 1
1 211 0 0 0 0 0.125926 -0.147952 0.228589 0.330877 0.139570 23.750000 0.000000 0.000000 0.0
475 1
1 211 0 0 0 0 0.047315 -0.002768 0.296232 0.330877 0.139570 23.750000 0.000000 0.000000 0.0
476 1
1 211 0 0 0 0 0.013430 -0.035169 0.297629 0.330877 0.139570 23.750000 0.000000 0.000000 0.0
477 1
1 211 0 0 0 0 -0.061094 -0.026595 0.292507 0.330877 0.139570 23.750000 0.000000 0.000000 0.0
478 1
1 211 0 0 0 0 0.024449 0.030173 0.297476 0.330877 0.139570 23.750000 0.000000 0.000000 0.0
479 1
1 211 0 0 0 0 -0.081437 -0.080412 0.277312 0.330877 0.139570 23.750000 0.000000 0.000000 0.0
480 1
1 211 0 0 0 0 0.209783 -0.121299 0.176856 0.330877 0.139570 23.750000 0.000000 0.000000 0.0
481 1
1 211 0 0 0 0 0.074570 -0.025686 0.289447 0.330877 0.139570 23.750000 0.000000 0.000000 0.0
482 1
1 211 0 0 0 0 0.106539 -0.024802 0.279346 0.330877 0.139570 23.750000 0.000000 0.000000 0.0
483 1
1 211 0 0 0 0 0.055346 0.007276 0.294761 0.330877 0.139570 23.750000 0.000000 0.000000 0.0
484 1
1 211 0 0 0 0 -0.018882 0.026227 0.298254 0.330877 0.139570 23.750000 0.000000 0.000000 0.0
485 1
1 211 0 0 0 0 -0.166793 -0.143656 0.203821 0.330877 0.139570 23.750000 0.000000 0.000000 0.0
486 1
1 211 0 0 0 0 -0.285587 0.051692 0.075946 0.330877 0.139570 23.750000 0.000000 0.000000 0.0
487 1
1 211 0 0 0 0 0.092836 0.051451 0.280596 0.330877 0.139570 23.750000 0.000000 0.000000 0.0
488 1
1 211 0 0 0 0 -0.053569 0.091761 0.280554 0.330877 0.139570 23.750000 0.000000 0.000000 0.0
489 1
1 211 0 0 0 0 0.119695 0.032770 0.273129 0.330877 0.139570 23.750000 0.000000 0.000000 0.0
490 1
1 211 0 0 0 0 0.071052 -0.032064 0.289695 0.330877 0.139570 23.750000 0.000000 0.000000 0.0
491 1
1 211 0 0 0 0 0.009167 -0.115444 0.276746 0.330877 0.139570 23.750000 0.000000 0.000000 0.0
492 1
1 211 0 0 0 0 0.011667 0.084369 0.287656 0.330877 0.139570 23.750000 0.000000 0.000000 0.0
493 1
1 211 0 0 0 0 -0.066435 0.044765 0.289106 0.330877 0.139570 23.750000 0.000000 0.000000 0.0
494 1
1 211 0 0 0 0 0.000421 0.004221 0.299970 0.330877 0.139570 23.750000 0.000000 0.000000 0.0
495 1
1 211 0 0 0 0 0.009767 -0.014361 0.299497 0.330877 0.139570 23.750000 0.000000 0.000000 0.0
496 1
1 211 0 0 0 0 -0.046540 -0.071575 0.287595 0.330877 0.139570 23.750000 0.000000 0.000000 0.0
497 1
1 211 0 0 0 0 -0.024389 -0.048266 0.295086 0.330877 0.139570 23.750000 0.000000 0.000000 0.0
498 1
1 211 0 0 0 0 -0.038285 0.040964 0.294714 0.330877 0.139570 23.750000 0.000000 0.000000 0.0
499 1
1 211 0 0 0 0 0.095446 -0.082363 0.272225 0.330877 0.139570 23.750000 0.000000 0.000000 0.0
500 1
1 22 0 0 0 0 -0.006982 0.021213 0.299168 0.300000 0.000000 23.750000 0.000000 0.000000 0.0
501 1
1 22 0 0 0 0 0.035809 0.078810 0.287240 0.300000 0.000000 23.750000 0.000000 0.000000 0.0
502 1
1 22 0 0 0 0 -0.056698 0.000793 0.294592 0.300000 0.000000 23.750000 0.000000 0.000000 0.0
503 1
1 22 0 0 0 0 -0.021902 0.001804 0.299194 0.300000 0.000000 23.750000 0.000000 0.000000 0.0
504 1
1 22 0 0 0 0 0.096226 0.052538 0.279250 0.300000 0.000000 23.750000 0.000000 0.000000 0.0
505 1
1 22 0 0 0 0 -0.144508 -0.105292 0.240897 0.300000 0.000000 23.750000 0.000000 0.000000 0.0
506 1
1 22 0 0 0 0 -0.086947 0.068273 0.278889 0.300000 0.000000 23.750000 0.000000 0.000000 0.0
507 1
1 22 0 0 0 0 -0.228365 0.040470 0.190294 0.300000 0.000000 23.750000 0.000000 0.000000 0.0
508 1
1 22 0 0 0 0 -0.020455 0.095957 0.283503 0.300000 0.000000 23.750000 0.000000 0.000000 0.0
509 1
1 22 0 0 0 0 -0.127643 0.181499 0.201904 0.300000 0.000000 23.750000 0.000000 0.000000 0.0
510 1
1 22 0 0 0 0 0.081602 0.057629 0.282878 0.300000 0.000000 23.750000 0.000000 0.000000 0.0
511 1
1 22 0 0 0 0 -0.023283 -0.044148 0.295819 0.300000 0.000000 23.750000 0.000000 0.000000 0.0
512 1
1 22 0 0 0 0 0.000434 -0.035499 0.297892 0.300000 0.000000 23.750000 0.000000 0.000000 0.0
513 1
1 22 0 0 0 0 -0.051073 0.068230 0.287639 0.300000 0.000000 23.750000 0.000000 0.000000 0.0
514 1
1 22 0 0 0 0 -0.011173 -0.034347 0.297818 0.300000 0.000000 23.750000 0.000000 0.000000 0.0
515 1
1 22 0 0 0 0 0.104541 -0.072627 0.271655 0.300000 0.000000 23.750000 0.000000 0.000000 0.0
516 1
1 22 0 0 0 0 0.053391 -0.093668 0.279957 0.300000 0.000000 23.750000 0.000000 0.000000 0.0
517 1
1 22 0 0 0 0 0.129378 0.074099 0.260328 0.300000 0.000000 23.750000 0.000000 0.000000 0.0
518 1
1 22 0 0 0 0 0.042528 0.027019 0.295739 0.300000 0.000000 23.750000 0.000000 0.000000 0.0
519 1
1 22 0 0 0 0 0.037395 0.013423 0.297357 0.300000 0.000000 23.750000 0.000000 0.000000 0.0
520 1
1 22 0 0 0 0 0.003042 0.010769 0.299791 0.300000 0.000000 23.750000 0.000000 0.000000 0.0
521 1
1 22 0 0 0 0 -0.036538 -0.036419 0.295531 0.300000 0.000000 23.750000 0.000000 0.000000 0.0
522 1
1 22 0 0 0 0 0.035921 -0.026718 0.296641 0.300000 0.000000 23.750000 0.000000 0.000000 0.0
523 1
1 22 0 0 0 0 0.040439 -0.031232 0.295617 0.300000 0.000000 23.750000 0.000000 0.000000 0.0
524 1
1 22 0 0 0 0 0.044465 -0.021011 0.295942 0.300000 0.000000 23.750000 0.000000 0.000000 0.0
525 1
1 22 0 0 0 0 0.036190 -0.161075 0.250490 0.300000 0.000000 23.750000 0.000000 0.000000 0.0
526 1
1 22 0 0 0 0 0.005497 0.090099 0.286098 0.300000 0.000000 23.750000 0.000000 0.000000 0.0
527 1
1 22 0 0 0 0 0.000065 -0.018721 0.299415 0.300000 0.000000 23.750000 0.000000 0.000000 0.0
528 1
1 22 0 0 0 0 -0.089571 -0.076431 0.275926 0.300000 0.000000 23.750000 0.000000 0.000000 0.0
529 1
1 22 0 0 0 0 -0.129287 -0.056785 0.264689 0.300000 0.000000 23.750000 0.000000 0.000000 0.0
530 1
1 22 0 0 0 0 -0.012479 -0.037112 0.297434 0.300000 0.000000 23.750000 0.000000 0.000000 0.0
531 1
1 22 0 0 0 0 0.082494 0.080332 0.277022 0.300000 0.000000 23.750000 0.000000 0.000000 0.0
532 1
1 22 0 0 0 0 0.012328 -0.214947 0.208916 0.300000 0.000000 23.750000 0.000000 0.000000 0.0
533 1
1 22 0 0 0 0 -0.211159 -0.114127 0.179964 0.300000 0.000000 23.750000 0.000000 0.000000 0.0
534 1
1 22 0 0 0 0 -0.011839 0.205172 0.218550 0.300000 0.000000 23.750000 0.000000 0.000000 0.0
535 1
1 22 0 0 0 0 -0.063999 -0.071758 0.284174 0.300000 0.000000 23.750000 0.000000 0.000000 0.0
536 1
1 22 0 0 0 0 0.000561 -0.003292 0.299981 0.300000 0.000000 23.750000 0.000000 0.000000 0.0
537 1
1 22 0 0 0 0 0.067864 0.074807 0.282486 0.300000 0.000000 23.750000 0.000000 0.000000 0.0
538 1
1 22 0 0 0 0 0.007652 -0.282532 0.100583 0.300000 0.000000 23.750000 0.000000 0.000000 0.0
539 1
1 22 0 0 0 0 -0.055761 -0.294575 0.010781 0.300000 0.000000 23.750000 0.000000 0.000000 0.0
540 1
1 22 0 0 0 0 -0.248662 0.064430 0.154971 0.300000 0.000000 23.750000 0.000000 0.000000 0.0
541 1
1 22 0 0 0 0 0.001885 -0.129517 0.270595 0.300000 0.000000 23.750000 0.000000 0.000000 0.0
542 1
1 22 0 0 0 0 -0.044642 -0.009671 0.296502 0.300000 0.000000 23.750000 0.000000 0.000000 0.0
543 1
1 22 0 0 0 0 -0.045822 0.027206 0.295229 0.300000 0.000000 23.750000 0.000000 0.000000 0.0
544 1
1 22 0 0 0 0 0.087773 -0.118246 0.261369 0.300000 0.000000 23.750000 0.000000 0.000000 0.0
545 1
1 22 0 0 0 0 0.204727 0.008093 0.219138 0.300000 0.000000 23.750000 0.000000 0.000000 0.0
546 1
1 22 0 0 0 0 0.035864 0.010491 0.297664 0.300000 0.000000 23.750000 0.000000 0.000000 0.0
547 1
1 22 0 0 0 0 -0.038356 0.053864 0.292622 0.300000 0.000000 23.750000 0.000000 0.000000 0.0
548 1
1 22 0 0 0 0 -0.061681 0.081954 0.281920 0.300000 0.000000 23.750000 0.000000 0.000000 0.0
549 1
1 22 0 0 0 0 0.014156 0.024187 0.298688 0.300000 0.000000 23.750000 0.000000 0.000000 0.0
550 1
1 22 0 0 0 0 -0.011613 0.009966 0.299609 0.300000 0.000000 23.750000 0.000000 0.000000 0.0
551 1
1 22 0 0 0 0 -0.025269 0.093500 0.283935 0.300000 0.000000 23.750000 0.000000 0.000000 0.0
552 1
1 22 0 0 0 0 0.244491 -0.123776 0.122082 0.300000 0.000000 23.750000 0.000000 0.000000 0.0
553 1
1 22 0 0 0 0 -0.045606 -0.234828 0.181042 0.300000 0.000000 23.750000 0.000000 0.000000 0.0
554 1
1 22 0 0 0 0 0.138017 0.100302 0.246761 0.300000 0.000000 23.750000 0.000000 0.000000 0.0
555 1
1 22 0 0 0 0 0.110936 -0.072433 0.269159 0.300000 0.000000 23.750000 0.000000 0.000000 0.0
556 1
1 22 0 0 0 0 0.054677 -0.293653 0.027903 0.300000 0.000000 23.750000 0.000000 0.000000 0.0
557 1
1 22 0 0 0 0 -0.020574 0.108508 0.278932 0.300000 0.000000 23.750000 0.000000 0.000000 0.0
558 1
1 22 0 0 0 0 -0.019423 0.075062 0.289808 0.300000 0.000000 23.750000 0.000000 0.000000 0.0
559 1
1 22 0 0 0 0 0.013311 0.101835 0.281873 0.300000 0.000000 23.750000 0.000000 0.000000 0.0
560 1
1 22 0 0 0 0 -0.046324 0.063126 0.289602 0.300000 0.000000 23.750000 0.000000 0.000000 0.0
561 1
1 22 0 0 0 0 -0.064008 -0.203930 0.210512 0.300000 0.000000 23.750000 0.000000 0.000000 0.0
562 1
1 22 0 0 0 0 0.024904 -0.043628 0.295764 0.300000 0.000000 23.750000 0.000000 0.000000 0.0
563 1
1 22 0 0 0 0 -0.170859 -0.022731 0.245541 0.300000 0.000000 23.750000 0.000000 0.000000 0.0
564 1
1 22 0 0 0 0 -0.056909 -0.080292 0.283398 0.300000 0.000000 23.750000 0.000000 0.000000 0.0
565 1
1 22 0 0 0 0 -0.089559 -0.005400 0.286269 0.300000 0.000000 23.750000 0.000000 0.000000 0.0
566 1
1 22 0 0 0 0 -0.024386 0.016484 0.298552 0.300000 0.000000 23.750000 0.000000 0.000000 0.0
567 1
1 22 0 0 0 0 0.077123 -0.245040 0.154943 0.300000 0.000000 23.750000 0.000000 0.000000 0.0
568 1
1 22 0 0 0 0 -0.002344 -0.008361 0.299874 0.300000 0.000000 23.750000 0.000000 0.000000 0.0
569 1
1 22 0 0 0 0 0.078332 0.204778 0.204768 0.300000 0.000000 23.750000 0.000000 0.000000 0.0
570 1
1 22 0 0 0 0 0.226188 -0.124493 0.152776 0.300000 0.000000 23.750000 0.000000 0.000000 0.0
571 1
1 22 0 0 0 0 0.195655 -0.026937 0.225818 0.300000 0.000000 23.750000 0.000000 0.000000 0.0
572 1
1 22 0 0 0 0 -0.056028 -0.030355 0.293154 0.300000 0.000000 23.750000 0.000000 0.000000 0.0
573 1
1 22 0 0 0 0 0.157204 -0.199016 0.160249 0.300000 0.000000 23.750000 0.000000 0.000000 0.0
574 1
1 22 0 0 0 0 -0.232191 -0.137379 0.131203 0.300000 0.000000 23.750000 0.000000 0.000000 0.0
575 1
1 22 0 0 0 0 0.229174 0.078994 0.176747 0.300000 0.000000 23.750000 0.000000 0.000000 0.0
576 1
1 22 0 0 0 0 0.153896 -0.075926 0.246072 0.300000 0.000000 23.750000 0.000000 0.000000 0.0
577 1
1 22 0 0 0 0 -0.087505 -0.008372 0.286832 0.300000 0.000000 23.750000 0.000000 0.000000 0.0
578 1
1 22 0 0 0 0 0.190579 0.058930 0.224069 0.300000 0.000000 23.750000 0.000000 0.000000 0.0
579 1
1 22 0 0 0 0 -0.234377 0.149792 0.112383 0.300000 0.000000 23.750000 0.000000 0.000000 0.0
580 1
1 22 0 0 0 0 0.048893 0.078901 0.285279 0.300000 0.000000 23.750000 0.000000 0.000000 0.0
581 1
1 22 0 0 0 0 -0.115619 -0.022918 0.275875 0.300000 0.000000 23.750000 0.000000 0.000000 0.0
582 1
1 22 0 0 0 0 -0.031564 -0.005086 0.298292 0.300000 0.000000 23.750000 0.000000 0.000000 0.0
583 1
1 22 0 0 0 0 0.015717 -0.062921 0.292906 0.300000 0.000000 23.750000 0.000000 0.000000 0.0
584 1
1 22 0 0 0 0 0.000665 -0.006284 0.299933 0.300000 0.000000 23.750000 0.000000 0.000000 0.0
585 1
1 22 0 0 0 0 0.001145 -0.014248 0.299659 0.300000 0.000000 23.750000 0.000000 0.000000 0.0
586 1
1 22 0 0 0 0 -0.057721 0.085567 0.281685 0.300000 0.000000 23.750000 0.000000 0.000000 0.0
587 1
1 22 0 0 0 0 0.107009 0.049849 0.275797 0.300000 0.000000 23.750000 0.000000 0.000000 0.0
588 1
1 22 0 0 0 0 -0.008870 0.040030 0.297185 0.300000 0.000000 23.750000 0.000000 0.000000 0.0
589 1
1 22 0 0 0 0 0.022625 -0.031309 0.297503 0.300000 0.000000 23.750000 0.000000 0.000000 0.0
590 1
1 22 0 0 0 0 -0.019324 0.072301 0.290515 0.300000 0.000000 23.750000 0.000000 0.000000 0.0
591 1
1 22 0 0 0 0 0.237316 -0.126615 0.132852 0.300000 0.000000 23.750000 0.000000 0.000000 0.0
592 1
1 22 0 0 0 0 0.156826 -0.061054 0.248351 0.300000 0.000000 23.750000 0.000000 0.000000 0.0
593 1
1 22 0 0 0 0 -0.270695 0.022762 0.127302 0.300000 0.000000 23.750000 0.000000 0.000000 0.0
594 1
1 22 0 0 0 0 -0.170283 -0.166931 0.182038 0.300000 0.000000 23.750000 0.000000 0.000000 0.0
595 1
1 22 0 0 0 0 -0.121472 0.199123 0.188666 0.300000 0.000000 23.750000 0.000000 0.000000 0.0
596 1
1 22 0 0 0 0 -0.209322 -0.101064 0.189658 0.300000 0.000000 23.750000 0.000000 0.000000 0.0
597 1
1 22 0 0 0 0 0.182126 0.044137 0.234270 0.300000 0.000000 23.750000 0.000000 0.000000 0.0
598 1
1 22 0 0 0 0 -0.011763 -0.081553 0.288463 0.300000 0.000000 23.750000 0.000000 0.000000 0.0
599 1
1 22 0 0 0 0 0.021506 -0.002967 0.299213 0.300000 0.000000 23.750000 0.000000 0.000000 0.0
