Run1  Run2	  SER     SER_err   width   eff. tau
6245  6262        73.10   1.20      32.50   1260. 
6263  6284        74.10   1.30      31.60   1278.
6285  6326        71.60   1.00      30.80   1261. 
6327  6345        72.30   1.50      30.40   1270.
8733  8756        40.04   0.27      20.56   0
8758  8874        40.07   0.24      20.37   0
8875  8938        39.26   0.23      20.16   0
8939  9011        38.69   0.23      20.1    0
9012  9073        38.65   0.23      20.01   0
9074  9097        38.55   0.23      19.96   0
9098  9114        37.77   0.24      19.93   0
9115  9136        37.81   0.29      19.88   0
9138  9176        38.32   0.26      19.91   0
9177  9209        37.95   0.27      19.73   0
9210  9230        37.61   0.32      20.11   0
9231  9245        37.28   0.51      20.03   0
9438  9474        42.10   0.20      17.80  1263.  
9476  9493        41.90   0.20      17.40  1273.
9494  9514        41.00   0.20      17.00  1251.
9515  9553        40.60   0.20      17.00  1231.
9554  9631        40.30   0.20      16.80  1259.
9635  9656        40.20   0.10      16.50   1299.  
9661  9668        39.50   0.10      16.20   1276.  
9669  9673        39.20   0.17      16.80   1274.
9678  9678        39.20   0.17      16.80   1274.
9679  9692        39.50   0.10      16.10   1272.  
9693  9701        39.50   0.10      16.30   1255.  
9762  9795        43.30   0.20      19.60  1207.
9796  9817        42.80   0.20      19.60  1220.
9819  9821        43.50   0.46      19.10  1221.
9913  9918        43.40   0.38      19.10  1163.
9919  9938        42.10   0.20      19.30  1151.
9939  9961        41.80   0.20      19.60  1094.
9962  9980        41.30   0.20      19.50  1085.
11314 11577       54.50   0.20      23.30   0
13421 13595       54.50   0.20      23.30   0

